"era-0","0.32597628","-0.23588012","0.6195373","-0.6438593","-0.06827753","0.04947293","-0.51573056","-0.75218624","-0.19136861"
"era-1","0.44176966","-0.27842343","0.80453473","-0.5979439","-0.046244025","0.08471771","-0.46016172","-0.794592","-0.17130539"
"era-2","0.5597279","-0.37622043","1.0215402","-0.54905283","-0.023287572","0.11962729","-0.38245395","-0.8729532","-0.14594434"
"era-3","0.67827415","-0.55527353","1.2931945","-0.49726343","6.281447E-4","0.1536089","-0.26808444","-1.0085618","-0.10893316"
"era-4","0.7979302","-0.8621059","1.6622434","-0.442173","0.026167555","0.18563722","-0.08927222","-1.2440872","-0.047742844"
"era-5","0.9352419","-1.3688574","2.2060754","-0.38079023","0.05637671","0.21525647","0.20433336","-1.6578282","0.0620528"
"era-6","1.1533422","-2.1145911","3.0008674","-0.3020476","0.09755055","0.25002825","0.66598874","-2.3279302","0.25375742"
"era-7","1.5017017","-2.962704","3.9372873","-0.19269283","0.13689518","0.32543847","1.224677","-3.147641","0.5170542"
"era-8","1.9076006","-3.7162154","4.7841206","-0.06746133","0.118228585","0.48773506","1.7082865","-3.8723001","0.79631954"
"era-9","2.2886567","-4.3388085","5.4791913","0.034964267","-0.010466026","0.7424674","2.0617905","-4.43879","1.0996375"
"era-10","2.618417","-4.8720956","6.059807","0.045993425","-0.30877796","1.0656193","2.3150067","-4.8956575","1.499814"
"era-11","2.8772006","-5.38402","6.562372","-0.17095844","-0.96052206","1.4709506","2.545372","-5.2746067","2.184898"
"era-12","3.0019388","-5.99094","6.978323","-0.70085335","-2.2802424","2.2510471","2.8239493","-5.6446633","3.5918143"
"era-13","3.0110192","-6.5902443","7.288817","-1.2457356","-3.5982168","3.2996237","2.9725451","-6.227984","5.2337394"
"era-14","3.0529456","-6.9923897","7.54801","-1.6730233","-4.411371","4.085565","3.1027322","-6.7861075","6.3869004"
"era-15","3.1170766","-7.275383","7.7755594","-2.001899","-4.9452987","4.6578417","3.2464728","-7.24964","7.188695"
"era-16","3.1871922","-7.500392","7.9771037","-2.265178","-5.34305","5.103886","3.3882284","-7.642479","7.793418"
"era-17","3.257993","-7.6931105","8.157422","-2.4829113","-5.6657085","5.469581","3.5214367","-7.984014","8.278523"
"era-18","3.3276215","-7.8651304","8.320653","-2.667619","-5.9415154","5.7802525","3.6447072","-8.286725","8.684291"
"era-19","3.3953297","-8.022339","8.470089","-2.8276794","-6.1850533","6.051233","3.75846","-8.558925","9.033757"
"era-20","3.4607978","-8.168082","8.608279","-2.9689307","-6.4046626","6.2924566","3.8636317","-8.806469","9.341235"
"era-21","3.523909","-8.304494","8.737235","-3.0955307","-6.6056137","6.5106773","3.9612288","-9.0336275","9.616172"
"era-22","3.584639","-8.433016","8.858514","-3.2104852","-6.791492","6.710644","4.052182","-9.243667","9.8651495"
"era-23","3.6430535","-8.554722","8.973284","-3.3160284","-6.964896","6.8957844","4.1372848","-9.439048","10.092966"
"era-24","3.699238","-8.670452","9.082515","-3.413814","-7.1277733","7.0686526","4.2172284","-9.621781","10.303174"
"era-25","3.7532928","-8.780872","9.186938","-3.5051155","-7.281643","7.231204","4.292576","-9.793481","10.498522"
"era-26","3.8053648","-8.886554","9.287124","-3.5909157","-7.4277225","7.384944","4.3638315","-9.955457","10.681141"
"era-27","3.855559","-8.987949","9.383554","-3.671988","-7.566999","7.5310764","4.431413","-10.108796","10.852728"
"era-28","3.9040067","-9.085464","9.476603","-3.7489536","-7.7002773","7.6705627","4.495682","-10.254423","11.014666"
"era-29","3.9508252","-9.179449","9.566616","-3.8223197","-7.8282166","7.804195","4.5569425","-10.393113","11.168097"
"era-30","3.996124","-9.270206","9.653839","-3.892501","-7.9513783","7.932623","4.615461","-10.525515","11.313946"
"era-31","4.0400114","-9.357993","9.738493","-3.959844","-8.070211","8.056395","4.6714816","-10.652237","11.453029"
"era-32","4.08258","-9.44307","9.820823","-4.0246263","-8.185128","8.175961","4.7252","-10.773767","11.585985"
"era-33","4.123923","-9.525627","9.9009695","-4.0870967","-8.296483","8.291721","4.7768054","-10.890538","11.713402"
"era-34","4.1641126","-9.60584","9.979081","-4.147468","-8.404579","8.404013","4.8264627","-11.002939","11.835793"
"era-35","4.20324","-9.6839","10.05531","-4.2059135","-8.509672","8.513115","4.8743095","-11.111292","11.953564"
"era-36","4.2413588","-9.75993","10.129755","-4.262597","-8.611974","8.619296","4.920475","-11.215904","12.067095"
"era-37","4.2785525","-9.834094","10.202529","-4.3176584","-8.711699","8.722781","4.9650655","-11.317051","12.176725"
"era-38","4.314872","-9.906491","10.2737255","-4.3712277","-8.809008","8.823763","5.008207","-11.414933","12.282729"
"era-39","4.350373","-9.977245","10.343429","-4.423403","-8.904066","8.922424","5.049972","-11.509803","12.385375"
"era-40","4.3850994","-10.046447","10.411719","-4.47428","-8.997023","9.018915","5.0904613","-11.601857","12.484899"
"era-41","4.4191","-10.114194","10.4786825","-4.523948","-9.088004","9.113383","5.1297445","-11.691255","12.581512"
"era-42","4.452413","-10.180555","10.544356","-4.572486","-9.177126","9.205949","5.167887","-11.778145","12.675394"
"era-43","4.485071","-10.245608","10.608825","-4.619958","-9.264489","9.296723","5.2049613","-11.86269","12.766711"
"era-44","4.5171156","-10.309428","10.672142","-4.6664286","-9.350181","9.385811","5.241035","-11.945021","12.855619"
"era-45","4.548577","-10.372077","10.734364","-4.7119546","-9.434293","9.473307","5.27615","-12.025261","12.94226"
"era-46","4.5794826","-10.4336195","10.795539","-4.7565894","-9.516908","9.559299","5.3103576","-12.103543","13.0267725"
"era-47","4.609863","-10.494103","10.8557005","-4.8003783","-9.598103","9.643863","5.3437114","-12.179941","13.109257"
"era-48","4.6397424","-10.5535755","10.914897","-4.843364","-9.677957","9.727072","5.3762507","-12.254565","13.189833"
"era-49","4.6691422","-10.612074","10.973156","-4.885593","-9.756511","9.808981","5.408019","-12.327473","13.26859"
"era-50","4.6980734","-10.669643","11.030542","-4.927097","-9.833835","9.889657","5.439041","-12.398753","13.345624"
"era-51","4.7265687","-10.726331","11.087076","-4.967914","-9.910007","9.969154","5.469356","-12.468478","13.421032"
"era-52","4.7546415","-10.782165","11.142779","-5.008076","-9.9850445","10.047527","5.4989867","-12.536712","13.494867"
"era-53","4.782304","-10.837188","11.197718","-5.047606","-10.059017","10.12482","5.5279627","-12.603518","13.567213"
"era-54","4.809585","-10.891429","11.251886","-5.086547","-10.131961","10.201081","5.556315","-12.668938","13.63813"
"era-55","4.8364882","-10.944915","11.305318","-5.12491","-10.203915","10.276348","5.5840607","-12.733051","13.707694"
"era-56","4.8630333","-10.997681","11.358038","-5.162726","-10.274925","10.350673","5.6112413","-12.795946","13.775961"
"era-57","4.8892345","-11.049752","11.410089","-5.2000113","-10.345033","10.424079","5.6378746","-12.857639","13.842985"
"era-58","4.9151015","-11.101153","11.461474","-5.236787","-10.414261","10.4966","5.663987","-12.9182005","13.908823"
"era-59","4.9406414","-11.151901","11.512231","-5.27308","-10.482653","10.568274","5.689589","-12.97765","13.973514"
"era-60","4.9658704","-11.20202","11.562363","-5.3089004","-10.550235","10.639122","5.7147164","-13.036055","14.037118"
"era-61","4.990799","-11.251533","11.611906","-5.3442736","-10.617031","10.709182","5.7393856","-13.093449","14.099673"
"era-62","5.0154357","-11.300456","11.66087","-5.379216","-10.683068","10.778473","5.7636104","-13.149867","14.161219"
"era-63","5.0397954","-11.348819","11.709272","-5.4137435","-10.748383","10.847026","5.7873993","-13.205332","14.221792"
"era-64","5.063883","-11.396631","11.757134","-5.44787","-10.813008","10.914871","5.810773","-13.259889","14.281428"
"era-65","5.0877004","-11.443908","11.80447","-5.481609","-10.876949","10.982023","5.8337398","-13.313574","14.340164"
"era-66","5.111263","-11.490669","11.851288","-5.514974","-10.940233","11.048502","5.8563085","-13.366403","14.398045"
"era-67","5.1345754","-11.53693","11.897612","-5.5479755","-11.002881","11.114329","5.878502","-13.418426","14.455078"
"era-68","5.1576395","-11.582699","11.943449","-5.5806355","-11.064902","11.179528","5.900319","-13.469632","14.5113125"
"era-69","5.180469","-11.627999","11.988822","-5.6129556","-11.126341","11.244122","5.9217796","-13.52009","14.566758"
"era-70","5.203068","-11.672839","12.033739","-5.64495","-11.187184","11.308113","5.9428988","-13.569806","14.621458"
"era-71","5.225443","-11.717231","12.078209","-5.676633","-11.247476","11.371534","5.9636774","-13.6187935","14.675431"
"era-72","5.2476015","-11.761189","12.122246","-5.7080116","-11.30722","11.43439","5.984127","-13.667086","14.728716"
"era-73","5.2695494","-11.804724","12.165856","-5.7391024","-11.366436","11.496707","6.0042586","-13.714687","14.781307"
"era-74","5.291284","-11.84784","12.20906","-5.7699084","-11.425123","11.55849","6.0240817","-13.761632","14.833247"
"era-75","5.312819","-11.8905525","12.251862","-5.8004413","-11.483321","11.619757","6.04361","-13.807931","14.884546"
"era-76","5.334154","-11.932872","12.294274","-5.830711","-11.54103","11.68053","6.062849","-13.853618","14.935229"
"era-77","5.3552923","-11.974803","12.336308","-5.8607254","-11.598255","11.740815","6.081806","-13.898706","14.985325"
"era-78","5.376247","-12.016366","12.377972","-5.8904905","-11.655013","11.800619","6.1004877","-13.943205","15.034842"
"era-79","5.3970227","-12.057566","12.419261","-5.9200134","-11.711326","11.8599615","6.1188993","-13.987132","15.083798"
"era-80","5.4176154","-12.098406","12.460201","-5.949307","-11.767192","11.918854","6.1370525","-14.0305","15.132215"
"era-81","5.438034","-12.138897","12.50079","-5.978374","-11.822624","11.977304","6.1549506","-14.073323","15.180103"
"era-82","5.458282","-12.179049","12.5410385","-6.007224","-11.877624","12.035318","6.1725974","-14.115612","15.227485"
"era-83","5.47836","-12.218865","12.580959","-6.035857","-11.932211","12.092907","6.190008","-14.15739","15.274384"
"era-84","5.498274","-12.258357","12.620554","-6.0642867","-11.98639","12.150092","6.20718","-14.198678","15.320796"
"era-85","5.518026","-12.2975235","12.659829","-6.09251","-12.040186","12.206867","6.224129","-14.239465","15.366747"
"era-86","5.5376215","-12.336381","12.698793","-6.1205444","-12.093582","12.263258","6.2408576","-14.279785","15.412229"
"era-87","5.5570683","-12.374936","12.737441","-6.148386","-12.146607","12.319263","6.2573676","-14.319645","15.457278"
"era-88","5.576362","-12.413187","12.775795","-6.176042","-12.199258","12.3748865","6.2736697","-14.359047","15.501898"
"era-89","5.5955133","-12.451155","12.813862","-6.203521","-12.251541","12.430146","6.2897573","-14.398008","15.54611"
"era-90","5.6145186","-12.488829","12.851629","-6.23082","-12.303479","12.485049","6.305645","-14.436536","15.589912"
"era-91","5.63338","-12.5262165","12.88911","-6.257957","-12.355061","12.539604","6.3213396","-14.4746475","15.63333"
"era-92","5.652105","-12.563331","12.92632","-6.284926","-12.406302","12.593811","6.336848","-14.512343","15.676357"
"era-93","5.670689","-12.600168","12.963252","-6.3117323","-12.457201","12.647679","6.3521643","-14.549639","15.719008"
"era-94","5.689145","-12.63675","12.99993","-6.338382","-12.507771","12.701218","6.3672957","-14.586539","15.761303"
"era-95","5.7074647","-12.673064","13.036343","-6.3648763","-12.558011","12.754433","6.3822455","-14.623055","15.8032465"
"era-96","5.725657","-12.709124","13.072497","-6.3912225","-12.607926","12.807325","6.3970222","-14.659194","15.844843"
"era-97","5.7437234","-12.7449255","13.108399","-6.417422","-12.657527","12.859901","6.411639","-14.694964","15.886113"
"era-98","5.7616677","-12.780491","13.144055","-6.4434714","-12.706813","12.912166","6.426078","-14.730375","15.927054"
"era-99","5.7794914","-12.815812","13.179466","-6.4693813","-12.755804","12.96413","6.440352","-14.765431","15.96768"
"era-100","5.7971964","-12.850894","13.214637","-6.4951544","-12.804496","13.015793","6.454475","-14.800138","16.008013"
"era-101","5.814787","-12.885745","13.249576","-6.520797","-12.8528805","13.06717","6.468439","-14.834506","16.04802"
"era-102","5.8322606","-12.920364","13.284282","-6.546306","-12.900979","13.118258","6.4822526","-14.868536","16.08774"
"era-103","5.849619","-12.954753","13.318751","-6.571685","-12.94879","13.169063","6.4959116","-14.902246","16.127182"
"era-104","5.866863","-12.988918","13.353008","-6.596935","-12.996315","13.219587","6.5094247","-14.935639","16.166346"
"era-105","5.8840003","-13.02287","13.387041","-6.622058","-13.043573","13.269834","6.5227957","-14.968715","16.205238"
"era-106","5.90103","-13.056604","13.420857","-6.647059","-13.09055","13.319812","6.5360246","-15.001479","16.243864"
"era-107","5.917956","-13.090127","13.454455","-6.6719437","-13.137254","13.369527","6.5491147","-15.033943","16.28223"
"era-108","5.934781","-13.1234455","13.487841","-6.6967134","-13.183691","13.4189825","6.5620737","-15.06611","16.320347"
"era-109","5.9514995","-13.156555","13.521022","-6.721364","-13.229868","13.46818","6.574904","-15.097995","16.358221"
"era-110","5.9681187","-13.189459","13.553991","-6.7458997","-13.275783","13.517118","6.5876036","-15.12959","16.395859"
"era-111","5.9846377","-13.222165","13.5867605","-6.7703247","-13.321443","13.565809","6.6001806","-15.160914","16.433262"
"era-112","6.0010576","-13.254672","13.619329","-6.7946405","-13.3668585","13.614254","6.6126356","-15.191961","16.47045"
"era-113","6.017383","-13.28699","13.651709","-6.8188434","-13.412013","13.66245","6.6249676","-15.222742","16.507397"
"era-114","6.033614","-13.319113","13.683885","-6.8429427","-13.456923","13.710411","6.6371865","-15.253265","16.544125"
"era-115","6.04975","-13.3510475","13.715871","-6.8669286","-13.501591","13.758126","6.649292","-15.283535","16.580635"
"era-116","6.065795","-13.3828","13.747674","-6.8908124","-13.54601","13.805604","6.6612816","-15.313547","16.616947"
"era-117","6.0817494","-13.414371","13.7792845","-6.91459","-13.590192","13.85285","6.673158","-15.343318","16.653053"
"era-118","6.0976105","-13.445759","13.810724","-6.938268","-13.634133","13.899868","6.684927","-15.372847","16.68896"
"era-119","6.1133823","-13.47697","13.841982","-6.961842","-13.677849","13.946654","6.696586","-15.402122","16.724672"
"era-120","6.1290708","-13.508003","13.873051","-6.9853187","-13.72133","13.993214","6.7081394","-15.431154","16.760195"
"era-121","6.144673","-13.538864","13.903945","-7.0086975","-13.764584","14.039553","6.719594","-15.459959","16.795536"
"era-122","6.160189","-13.569552","13.934665","-7.0319805","-13.807611","14.085673","6.730947","-15.488539","16.830702"
"era-123","6.175624","-13.600074","13.96521","-7.0551667","-13.850411","14.131574","6.7422","-15.516893","16.865688"
"era-124","6.190974","-13.630428","13.995587","-7.0782576","-13.892994","14.177262","6.753357","-15.545027","16.900496"
"era-125","6.206246","-13.660619","14.02579","-7.101251","-13.935368","14.2227335","6.7644143","-15.572938","16.93514"
"era-126","6.2214384","-13.690653","14.055832","-7.124149","-13.977518","14.267991","6.775377","-15.60064","16.969622"
"era-127","6.236548","-13.720518","14.085701","-7.146955","-14.019458","14.313044","6.786249","-15.628135","17.003933"
"era-128","6.251583","-13.750231","14.11541","-7.169671","-14.061184","14.357889","6.797028","-15.655417","17.038082"
"era-129","6.2665415","-13.77979","14.144961","-7.1922994","-14.1027","14.4025345","6.8077154","-15.682499","17.072083"
"era-130","6.2814226","-13.809192","14.1743555","-7.2148337","-14.144007","14.446969","6.818323","-15.709376","17.105923"
"era-131","6.296228","-13.838443","14.203598","-7.2372804","-14.185109","14.491207","6.8288436","-15.736061","17.139618"
"era-132","6.3109593","-13.867546","14.232681","-7.2596393","-14.226009","14.535252","6.839273","-15.762555","17.17316"
"era-133","6.3256183","-13.896502","14.261611","-7.2819076","-14.26671","14.579091","6.8496203","-15.788854","17.206564"
"era-134","6.3402033","-13.925309","14.290395","-7.3040886","-14.307214","14.622735","6.859888","-15.814961","17.239817"
"era-135","6.35472","-13.953973","14.319024","-7.3261843","-14.347515","14.66619","6.87008","-15.840889","17.272934"
"era-136","6.3691673","-13.982496","14.347505","-7.348191","-14.387622","14.709446","6.8801875","-15.866635","17.30591"
"era-137","6.383545","-14.010879","14.37584","-7.370109","-14.427534","14.752509","6.890218","-15.892201","17.338762"
"era-138","6.3978524","-14.039117","14.404024","-7.391946","-14.467248","14.795384","6.9001737","-15.917589","17.371468"
"era-139","6.41209","-14.067219","14.432071","-7.4136977","-14.506777","14.838073","6.9100494","-15.942798","17.404055"
"era-140","6.4262643","-14.095187","14.459972","-7.4353657","-14.546111","14.88057","6.9198503","-15.967834","17.436518"
"era-141","6.440372","-14.12302","14.487735","-7.4569507","-14.585255","14.922882","6.9295807","-15.992698","17.468851"
"era-142","6.4544096","-14.150714","14.515359","-7.478449","-14.624217","14.96501","6.939244","-16.017397","17.501062"
"era-143","6.468383","-14.178277","14.542845","-7.499865","-14.662996","15.006952","6.9488387","-16.041939","17.533155"
"era-144","6.48229","-14.205707","14.570194","-7.5211987","-14.701594","15.048716","6.958359","-16.066313","17.56514"
"era-145","6.4961376","-14.233013","14.5974045","-7.542446","-14.740006","15.09029","6.9678116","-16.090528","17.597004"
"era-146","6.509919","-14.260187","14.624479","-7.5636096","-14.778233","15.131689","6.9771943","-16.1146","17.628738"
"era-147","6.5236387","-14.287233","14.651419","-7.584696","-14.816282","15.172912","6.9865136","-16.13851","17.660368"
"era-148","6.537297","-14.314154","14.678228","-7.605699","-14.854162","15.213958","6.995765","-16.162262","17.691877"
"era-149","6.5508876","-14.340947","14.704919","-7.626622","-14.891862","15.254828","7.004956","-16.185865","17.723265"
"era-150","6.5644264","-14.367625","14.731478","-7.6474643","-14.929388","15.29552","7.014084","-16.20931","17.75455"
"era-151","6.5779047","-14.394187","14.7579155","-7.6682224","-14.966744","15.3360405","7.0231485","-16.232628","17.785725"
"era-152","6.591325","-14.420628","14.78422","-7.6889024","-15.003923","15.376389","7.0321474","-16.2558","17.816813"
"era-153","6.604684","-14.446946","14.810405","-7.7095003","-15.0409355","15.416563","7.0410876","-16.27882","17.847776"
"era-154","6.617985","-14.473149","14.836464","-7.7300158","-15.077781","15.456566","7.0499654","-16.301712","17.878645"
"era-155","6.631229","-14.499231","14.862394","-7.7504535","-15.11446","15.496399","7.0587883","-16.324461","17.909412"
"era-156","6.6444154","-14.525199","14.888206","-7.7708125","-15.150967","15.536059","7.067549","-16.347063","17.940079"
"era-157","6.657546","-14.551052","14.913895","-7.7910876","-15.18731","15.575549","7.076256","-16.369535","17.97065"
"era-158","6.6706195","-14.57679","14.939465","-7.811292","-15.223496","15.614881","7.084901","-16.391869","18.001125"
"era-159","6.6836414","-14.60242","14.964912","-7.8314123","-15.259516","15.654043","7.0934916","-16.414076","18.0315"
"era-160","6.6966004","-14.627933","14.990251","-7.851457","-15.295374","15.693042","7.102026","-16.436163","18.06178"
"era-161","6.709509","-14.6533375","15.015464","-7.8714223","-15.331073","15.731876","7.1105013","-16.458109","18.091974"
"era-162","6.722363","-14.678632","15.040559","-7.891308","-15.366619","15.770547","7.118922","-16.479935","18.122059"
"era-163","6.735163","-14.703817","15.065544","-7.911116","-15.402006","15.809058","7.127297","-16.501648","18.152065"
"era-164","6.747911","-14.728897","15.090416","-7.9308434","-15.437232","15.847399","7.135617","-16.523224","18.181973"
"era-165","6.7606077","-14.75387","15.115176","-7.950494","-15.472306","15.885576","7.1438837","-16.54467","18.211788"
"era-166","6.7732534","-14.778741","15.13982","-7.9700646","-15.507226","15.9236","7.1520963","-16.566017","18.241516"
"era-167","6.7858458","-14.803507","15.164359","-7.989559","-15.541993","15.96146","7.1602592","-16.58723","18.271158"
"era-168","6.798384","-14.828165","15.188786","-8.008979","-15.576607","15.9991665","7.16837","-16.608332","18.300709"
"era-169","6.810874","-14.852725","15.2131","-8.028316","-15.611074","16.036713","7.176433","-16.629345","18.330175"
"era-170","6.823311","-14.87718","15.237307","-8.04757","-15.645391","16.074095","7.184448","-16.650242","18.359556"
"era-171","6.835698","-14.901534","15.261404","-8.066751","-15.679558","16.111328","7.192411","-16.671024","18.388834"
"era-172","6.8480387","-14.925791","15.285394","-8.085849","-15.713578","16.148397","7.2003264","-16.691692","18.418032"
"era-173","6.8603277","-14.949946","15.30928","-8.104877","-15.7474575","16.185316","7.208186","-16.712238","18.44715"
"era-174","6.872565","-14.974","15.333058","-8.123835","-15.78119","16.222092","7.216001","-16.732683","18.47617"
"era-175","6.8847547","-14.997958","15.356733","-8.142707","-15.814778","16.25871","7.223769","-16.753035","18.505108"
"era-176","6.896895","-15.021816","15.380303","-8.161503","-15.848226","16.29517","7.2314887","-16.773272","18.533972"
"era-177","6.908985","-15.045577","15.4037695","-8.180227","-15.881529","16.331484","7.239161","-16.7934","18.562746"
"era-178","6.9210305","-15.069243","15.427134","-8.198872","-15.91469","16.367641","7.24679","-16.813429","18.591427"
"era-179","6.9330287","-15.092818","15.450398","-8.217436","-15.947715","16.403646","7.2543716","-16.833357","18.620043"
"era-180","6.944981","-15.116299","15.473565","-8.235924","-15.980607","16.439495","7.261906","-16.85317","18.648575"
"era-181","6.956887","-15.139685","15.496624","-8.254344","-16.013351","16.47521","7.269394","-16.872898","18.677023"
"era-182","6.968745","-15.162981","15.519589","-8.272682","-16.045967","16.51077","7.276839","-16.892525","18.705395"
"era-183","6.980555","-15.18618","15.542454","-8.290947","-16.078442","16.54618","7.284238","-16.912064","18.733688"
"era-184","6.9923244","-15.209294","15.565227","-8.3091345","-16.110785","16.58144","7.291597","-16.931492","18.761894"
"era-185","7.004049","-15.232318","15.587898","-8.327243","-16.142996","16.616554","7.2989144","-16.950834","18.790024"
"era-186","7.015724","-15.255248","15.610475","-8.345276","-16.175064","16.65152","7.3061914","-16.970097","18.818071"
"era-187","7.0273557","-15.278091","15.632957","-8.363235","-16.207005","16.68634","7.3134212","-16.989262","18.84605"
"era-188","7.038946","-15.300848","15.655345","-8.381121","-16.238815","16.721018","7.3206124","-17.00833","18.873943"
"era-189","7.050496","-15.3235235","15.677642","-8.39893","-16.2705","16.755548","7.3277593","-17.027302","18.901762"
"era-190","7.062001","-15.346109","15.699842","-8.416665","-16.302042","16.789934","7.334867","-17.046194","18.929499"
"era-191","7.073468","-15.368613","15.7219515","-8.434321","-16.333467","16.824171","7.3419333","-17.06498","18.95716"
"era-192","7.0848885","-15.391028","15.743967","-8.451905","-16.364763","16.858273","7.348965","-17.083704","18.984743"
"era-193","7.0962663","-15.413358","15.76589","-8.4694195","-16.39592","16.892227","7.3559475","-17.102318","19.012253"
"era-194","7.1075993","-15.4356","15.787722","-8.486854","-16.426962","16.926043","7.3629","-17.120863","19.039684"
"era-195","7.1188955","-15.457762","15.8094635","-8.504214","-16.457874","16.959711","7.369816","-17.139309","19.067036"
"era-196","7.1301465","-15.47984","15.831121","-8.521504","-16.48866","16.993242","7.37669","-17.157688","19.094322"
"era-197","7.1413603","-15.501843","15.852693","-8.538719","-16.519331","17.02664","7.3835244","-17.175987","19.121529"
"era-198","7.152531","-15.523763","15.874172","-8.555863","-16.549875","17.0599","7.390323","-17.19421","19.148653"
"era-199","7.163664","-15.545599","15.895564","-8.572937","-16.580288","17.09302","7.397085","-17.212334","19.175701"
"era-200","7.1747575","-15.567359","15.916865","-8.589929","-16.610586","17.125996","7.403812","-17.230398","19.202665"
"era-201","7.1858125","-15.589035","15.938076","-8.606851","-16.640764","17.15884","7.410507","-17.248379","19.229553"
"era-202","7.196824","-15.610632","15.959202","-8.623706","-16.670828","17.191555","7.4171567","-17.266285","19.25637"
"era-203","7.207799","-15.632152","15.980247","-8.640485","-16.700764","17.224129","7.423776","-17.284113","19.28311"
"era-204","7.2187343","-15.653591","16.001205","-8.657198","-16.730581","17.256565","7.430361","-17.301847","19.309786"
"era-205","7.229631","-15.6749525","16.02208","-8.673835","-16.760286","17.28887","7.4369106","-17.319515","19.33637"
"era-206","7.2404876","-15.696237","16.042877","-8.690401","-16.789879","17.32104","7.4434295","-17.3371","19.36288"
"era-207","7.2513046","-15.717443","16.06359","-8.70689","-16.81935","17.35307","7.4499097","-17.354618","19.389324"
"era-208","7.262085","-15.738577","16.084211","-8.723316","-16.84871","17.384977","7.456355","-17.372076","19.4157"
"era-209","7.272831","-15.759639","16.104761","-8.739673","-16.877945","17.416752","7.462763","-17.389448","19.442003"
"era-210","7.2835393","-15.780626","16.125229","-8.755962","-16.907072","17.448397","7.469138","-17.406744","19.46823"
"era-211","7.2942066","-15.8015375","16.145628","-8.772171","-16.936087","17.479902","7.475485","-17.423965","19.49438"
"era-212","7.3048368","-15.822369","16.165934","-8.788319","-16.96499","17.511286","7.4817967","-17.441109","19.52044"
"era-213","7.3154354","-15.843133","16.186155","-8.804397","-16.993782","17.54254","7.4880686","-17.458181","19.546434"
"era-214","7.3259974","-15.863821","16.206293","-8.820403","-17.022459","17.573662","7.4943104","-17.475187","19.572353"
"era-215","7.336522","-15.884432","16.226349","-8.836342","-17.051022","17.604654","7.500525","-17.492117","19.598202"
"era-216","7.347009","-15.90497","16.246326","-8.852215","-17.079472","17.635523","7.506706","-17.508984","19.623972"
"era-217","7.357461","-15.925439","16.266228","-8.86802","-17.10782","17.66627","7.512856","-17.525785","19.649675"
"era-218","7.3678756","-15.945837","16.28606","-8.883758","-17.136068","17.696888","7.518974","-17.542517","19.675303"
"era-219","7.378252","-15.966157","16.305803","-8.8994255","-17.164196","17.72738","7.525063","-17.559196","19.700867"
"era-220","7.388597","-15.986412","16.32548","-8.915031","-17.192217","17.757751","7.531122","-17.575792","19.726347"
"era-221","7.398906","-16.006594","16.345072","-8.930564","-17.220135","17.787987","7.537153","-17.592325","19.751757"
"era-222","7.4091806","-16.026709","16.364594","-8.9460335","-17.247936","17.818104","7.54315","-17.6088","19.777092"
"era-223","7.41942","-16.046755","16.384048","-8.961436","-17.27564","17.8481","7.549119","-17.625206","19.802353"
"era-224","7.4296274","-16.06673","16.40342","-8.976778","-17.303238","17.877981","7.5550575","-17.641544","19.827541"
"era-225","7.439802","-16.086641","16.422718","-8.992052","-17.330727","17.907734","7.5609665","-17.657806","19.852655"
"era-226","7.449941","-16.10648","16.441936","-9.007264","-17.358114","17.937368","7.566847","-17.674004","19.877693"
"era-227","7.4600487","-16.126253","16.461084","-9.0224085","-17.385399","17.966883","7.5726967","-17.690155","19.902649"
"era-228","7.4701247","-16.14596","16.480158","-9.037485","-17.412592","17.996273","7.5785203","-17.70623","19.927536"
"era-229","7.4801674","-16.165602","16.499157","-9.052501","-17.439676","18.02555","7.584312","-17.722239","19.952349"
"era-230","7.4901776","-16.185179","16.518087","-9.067457","-17.466658","18.054718","7.590071","-17.738197","19.977085"
"era-231","7.5001516","-16.204687","16.536943","-9.082348","-17.493542","18.083765","7.595804","-17.754093","20.001757"
"era-232","7.5100946","-16.224129","16.555733","-9.097185","-17.520319","18.1127","7.601511","-17.769926","20.026358"
"era-233","7.520006","-16.243505","16.574444","-9.111948","-17.546997","18.141512","7.607196","-17.785717","20.050882"
"era-234","7.529878","-16.26281","16.593086","-9.126653","-17.573582","18.170216","7.6128554","-17.801453","20.075335"
"era-235","7.539723","-16.282055","16.611658","-9.141301","-17.600073","18.19881","7.6184816","-17.81713","20.099718"
"era-236","7.5495358","-16.30124","16.630167","-9.155883","-17.626463","18.227285","7.6240845","-17.832739","20.124018"
"era-237","7.5593195","-16.320362","16.648605","-9.1704035","-17.652746","18.255648","7.6296577","-17.848291","20.14825"
"era-238","7.569071","-16.33942","16.666983","-9.184867","-17.678925","18.28389","7.635207","-17.86377","20.172407"
"era-239","7.5787916","-16.358416","16.68528","-9.199271","-17.705017","18.312027","7.6407294","-17.879208","20.196503"
"era-240","7.5884824","-16.377354","16.703524","-9.213619","-17.731014","18.340057","7.6462255","-17.89458","20.22052"
"era-241","7.598143","-16.396229","16.721699","-9.227904","-17.756918","18.36798","7.651701","-17.909912","20.244461"
"era-242","7.607781","-16.41505","16.739809","-9.242129","-17.782726","18.395782","7.657151","-17.925167","20.268337"
"era-243","7.617384","-16.433805","16.757849","-9.256298","-17.808453","18.423489","7.66257","-17.940376","20.292137"
"era-244","7.6269503","-16.452492","16.775824","-9.270407","-17.834082","18.451084","7.6679683","-17.955532","20.315866"
"era-245","7.636488","-16.47112","16.793734","-9.284465","-17.859613","18.478579","7.6733375","-17.970634","20.339521"
"era-246","7.6459994","-16.489695","16.811577","-9.298461","-17.885061","18.505964","7.6786838","-17.985683","20.36311"
"era-247","7.655481","-16.50821","16.829363","-9.312403","-17.910406","18.533241","7.684006","-18.000679","20.386625"
"era-248","7.664932","-16.526665","16.84709","-9.326289","-17.935656","18.560413","7.6893034","-18.01561","20.41007"
"era-249","7.674356","-16.545061","16.864737","-9.340119","-17.960827","18.587488","7.6945734","-18.0305","20.433437"
"era-250","7.6837506","-16.563396","16.88232","-9.353893","-17.985907","18.614456","7.699818","-18.045324","20.456738"
"era-251","7.6931276","-16.581686","16.899847","-9.367605","-18.010904","18.64132","7.7050447","-18.06011","20.479967"
"era-252","7.702466","-16.599909","16.917315","-9.381274","-18.035807","18.668089","7.7102475","-18.074833","20.50312"
"era-253","7.7117805","-16.618076","16.934708","-9.39489","-18.060621","18.69476","7.7154255","-18.089506","20.526197"
"era-254","7.7210627","-16.636185","16.952051","-9.408447","-18.085344","18.721325","7.7205815","-18.10413","20.549206"
"era-255","7.730314","-16.654234","16.969336","-9.421961","-18.109995","18.747805","7.7257156","-18.118706","20.572144"
"era-256","7.739545","-16.672232","16.98655","-9.435415","-18.13455","18.774174","7.7308254","-18.133226","20.59502"
"era-257","7.7487497","-16.690176","17.003698","-9.448814","-18.159023","18.800447","7.7359104","-18.147696","20.617815"
"era-258","7.7579217","-16.708055","17.020788","-9.462171","-18.183409","18.826628","7.740974","-18.16211","20.640553"
"era-259","7.767068","-16.725885","17.037825","-9.475466","-18.207716","18.852707","7.7460165","-18.176485","20.663216"
"era-260","7.7761908","-16.743662","17.054796","-9.488715","-18.231936","18.878693","7.751038","-18.190798","20.68579"
"era-261","7.785283","-16.761383","17.071718","-9.501913","-18.256075","18.904583","7.756038","-18.205067","20.708303"
"era-262","7.7943473","-16.77905","17.088587","-9.515063","-18.280117","18.93038","7.7610116","-18.219284","20.730745"
"era-263","7.803388","-16.796658","17.105373","-9.528158","-18.304089","18.95608","7.765967","-18.233454","20.753126"
"era-264","7.8124027","-16.814219","17.122122","-9.541207","-18.327965","18.981682","7.770898","-18.247568","20.775434"
"era-265","7.8213897","-16.831726","17.138807","-9.554206","-18.351776","19.007202","7.775809","-18.261635","20.797659"
"era-266","7.8303523","-16.849176","17.155428","-9.567161","-18.3755","19.032633","7.7807","-18.27565","20.819818"
"era-267","7.8392878","-16.866573","17.171997","-9.580064","-18.399155","19.05797","7.785566","-18.289598","20.841913"
"era-268","7.8481936","-16.883915","17.18851","-9.592924","-18.422716","19.083214","7.790412","-18.303514","20.863941"
"era-269","7.85708","-16.90121","17.204964","-9.605732","-18.4462","19.108372","7.7952366","-18.317392","20.885895"
"era-270","7.8659377","-16.918453","17.221363","-9.61849","-18.469604","19.133442","7.8000407","-18.331224","20.907772"
"era-271","7.8747716","-16.935642","17.237703","-9.631207","-18.492931","19.158419","7.8048267","-18.345007","20.929588"
"era-272","7.883577","-16.95278","17.25399","-9.643873","-18.516184","19.183315","7.809594","-18.358751","20.951328"
"era-273","7.89236","-16.969862","17.270222","-9.656492","-18.539362","19.208118","7.8143425","-18.372438","20.973"
"era-274","7.901115","-16.986895","17.2864","-9.6690645","-18.562466","19.232836","7.8190684","-18.386076","20.9946"
"era-275","7.9098425","-17.003878","17.302532","-9.681595","-18.585487","19.257475","7.823779","-18.399683","21.01613"
"era-276","7.9185543","-17.020823","17.318613","-9.694077","-18.608438","19.28202","7.8284655","-18.413242","21.037598"
"era-277","7.9272385","-17.037706","17.334623","-9.706521","-18.631313","19.306492","7.833133","-18.426752","21.058989"
"era-278","7.935901","-17.054548","17.350592","-9.718915","-18.654112","19.330875","7.8377843","-18.440216","21.080317"
"era-279","7.944541","-17.071342","17.366503","-9.731265","-18.676838","19.355175","7.8424153","-18.45365","21.101576"
"era-280","7.953157","-17.088089","17.382364","-9.743576","-18.69949","19.379396","7.8470235","-18.467037","21.12277"
"era-281","7.9617434","-17.104778","17.398174","-9.755841","-18.722067","19.403536","7.851618","-18.480383","21.143898"
"era-282","7.970312","-17.12143","17.413937","-9.768066","-18.744577","19.427595","7.8561907","-18.493673","21.16495"
"era-283","7.9788575","-17.138031","17.429644","-9.780248","-18.767008","19.451572","7.860742","-18.506922","21.18594"
"era-284","7.987378","-17.15458","17.445295","-9.79238","-18.789371","19.475466","7.86528","-18.520136","21.20686"
"era-285","7.9958725","-17.171076","17.46089","-9.80448","-18.81166","19.499283","7.869799","-18.533297","21.227715"
"era-286","8.004346","-17.18753","17.476442","-9.816537","-18.833878","19.523026","7.874302","-18.546423","21.2485"
"era-287","8.012797","-17.203938","17.49194","-9.828553","-18.856033","19.546692","7.878782","-18.559505","21.26922"
"era-288","8.021223","-17.220299","17.50739","-9.8405285","-18.878115","19.570282","7.883248","-18.572542","21.28987"
"era-289","8.02963","-17.236612","17.522787","-9.852464","-18.900131","19.593788","7.8876944","-18.585533","21.310457"
"era-290","8.03801","-17.252876","17.538137","-9.864359","-18.922075","19.617224","7.8921237","-18.598484","21.33098"
"era-291","8.0463705","-17.269098","17.553448","-9.87621","-18.943956","19.640575","7.8965387","-18.611385","21.35144"
"era-292","8.054715","-17.285282","17.568708","-9.888029","-18.965769","19.663866","7.9009356","-18.624249","21.37183"
"era-293","8.063036","-17.301416","17.583908","-9.899809","-18.987509","19.687073","7.9053135","-18.63707","21.392159"
"era-294","8.071332","-17.317509","17.59907","-9.911545","-19.009184","19.710207","7.9096766","-18.649862","21.41243"
"era-295","8.079606","-17.33355","17.614172","-9.923249","-19.030794","19.733274","7.914016","-18.662598","21.432621"
"era-296","8.087858","-17.349545","17.629227","-9.934909","-19.052341","19.756266","7.918341","-18.675297","21.452753"
"era-297","8.096085","-17.365496","17.644238","-9.946541","-19.073828","19.779194","7.92265","-18.687944","21.472818"
"era-298","8.104296","-17.381403","17.659203","-9.958137","-19.095242","19.802052","7.9269443","-18.700554","21.492819"
"era-299","8.112486","-17.39727","17.67412","-9.96969","-19.116596","19.82483","7.9312205","-18.713133","21.512754"
"era-300","8.12065","-17.41309","17.688988","-9.981207","-19.137884","19.847544","7.93548","-18.725664","21.532629"
"era-301","8.128799","-17.428873","17.703817","-9.992688","-19.159105","19.870182","7.9397216","-18.738157","21.552435"
"era-302","8.136923","-17.444609","17.718596","-10.004129","-19.180262","19.89275","7.9439416","-18.750608","21.572176"
"era-303","8.145031","-17.460306","17.73333","-10.015537","-19.201365","19.915255","7.94815","-18.763021","21.591856"
"era-304","8.153117","-17.475962","17.748022","-10.026906","-19.222399","19.937687","7.9523444","-18.775396","21.611473"
"era-305","8.161179","-17.491564","17.762655","-10.03824","-19.243376","19.960052","7.956522","-18.787737","21.63103"
"era-306","8.169222","-17.507132","17.777254","-10.049541","-19.264292","19.982355","7.9606776","-18.800034","21.650515"
"era-307","8.177246","-17.522657","17.791807","-10.060807","-19.285149","20.00459","7.9648213","-18.81229","21.669945"
"era-308","8.185245","-17.53814","17.806324","-10.07204","-19.305943","20.026758","7.968953","-18.824509","21.689306"
"era-309","8.193227","-17.553583","17.820795","-10.08324","-19.32667","20.048862","7.973065","-18.836689","21.708601"
"era-310","8.201192","-17.568989","17.83522","-10.0943985","-19.347345","20.070898","7.9771614","-18.848833","21.727839"
"era-311","8.209139","-17.584354","17.849596","-10.105528","-19.367962","20.09287","7.9812407","-18.860933","21.747017"
"era-312","8.217066","-17.599678","17.863932","-10.11662","-19.388512","20.114775","7.9853053","-18.872992","21.766125"
"era-313","8.224971","-17.61496","17.878222","-10.127683","-19.409004","20.13662","7.9893527","-18.885021","21.785177"
"era-314","8.23286","-17.630205","17.892475","-10.138712","-19.429445","20.158401","7.9933877","-18.897005","21.804163"
"era-315","8.240729","-17.645414","17.906685","-10.149707","-19.449831","20.180122","7.997405","-18.908957","21.823088"
"era-316","8.248575","-17.660578","17.920858","-10.160674","-19.470148","20.20178","8.001407","-18.920881","21.841959"
"era-317","8.256398","-17.675697","17.934984","-10.171605","-19.490423","20.223383","8.005396","-18.932762","21.86076"
"era-318","8.264205","-17.69078","17.94907","-10.182505","-19.510633","20.244917","8.009366","-18.944613","21.879515"
"era-319","8.271993","-17.70583","17.963114","-10.193368","-19.530785","20.26639","8.013318","-18.956442","21.898203"
"era-320","8.279764","-17.72084","17.977116","-10.204205","-19.550884","20.28781","8.01726","-18.968218","21.916828"
"era-321","8.287521","-17.735813","17.991076","-10.215015","-19.570938","20.309177","8.02119","-18.979956","21.9354"
"era-322","8.295259","-17.750751","18.004993","-10.225789","-19.590933","20.330477","8.025104","-18.991665","21.953917"
"era-323","8.302976","-17.765644","18.018871","-10.236533","-19.610874","20.351719","8.029001","-19.00334","21.972366"
"era-324","8.3106785","-17.780506","18.032715","-10.247245","-19.630764","20.372902","8.03289","-19.014984","21.990757"
"era-325","8.31836","-17.795328","18.046509","-10.257929","-19.650602","20.394033","8.036761","-19.02659","22.009089"
"era-326","8.326023","-17.81011","18.060268","-10.268587","-19.670374","20.415106","8.040623","-19.03816","22.027351"
"era-327","8.333669","-17.824858","18.073992","-10.279212","-19.690111","20.436123","8.04447","-19.04969","22.045563"
"era-328","8.341293","-17.839567","18.087677","-10.2898035","-19.70979","20.457083","8.048303","-19.061201","22.063715"
"era-329","8.348907","-17.854244","18.101318","-10.300376","-19.729412","20.47799","8.052117","-19.07266","22.081814"
"era-330","8.356499","-17.868881","18.114931","-10.310908","-19.748978","20.49883","8.055918","-19.084085","22.099848"
"era-331","8.364073","-17.883484","18.128492","-10.321416","-19.768496","20.519615","8.0597","-19.095469","22.117826"
"era-332","8.371633","-17.89805","18.14202","-10.331894","-19.787964","20.540354","8.06348","-19.106834","22.135744"
"era-333","8.379176","-17.912584","18.155512","-10.342344","-19.80739","20.561037","8.067245","-19.118166","22.153606"
"era-334","8.386696","-17.927076","18.168966","-10.352767","-19.826761","20.58167","8.070997","-19.129467","22.171408"
"era-335","8.394206","-17.941542","18.18238","-10.363158","-19.846092","20.602242","8.074727","-19.14071","22.189157"
"era-336","8.401695","-17.955969","18.19577","-10.373524","-19.86537","20.622768","8.078438","-19.15193","22.206848"
"era-337","8.409162","-17.970354","18.209116","-10.383864","-19.884594","20.64324","8.082145","-19.163115","22.224487"
"era-338","8.416618","-17.984715","18.222424","-10.394176","-19.903774","20.663662","8.085833","-19.174274","22.242071"
"era-339","8.424061","-17.99904","18.235691","-10.404458","-19.922907","20.684032","8.089509","-19.185394","22.25959"
"era-340","8.431485","-18.013327","18.248919","-10.414715","-19.94199","20.70435","8.093175","-19.196478","22.277054"
"era-341","8.438895","-18.027588","18.262123","-10.424947","-19.961018","20.724617","8.096833","-19.20754","22.29447"
"era-342","8.44629","-18.041813","18.275286","-10.435149","-19.980007","20.744827","8.100475","-19.218573","22.311825"
"era-343","8.453662","-18.056","18.288422","-10.445322","-19.998941","20.764988","8.104106","-19.229563","22.329119"
"era-344","8.4610195","-18.070158","18.301517","-10.455468","-20.017836","20.7851","8.107716","-19.240522","22.34636"
"era-345","8.4683695","-18.084286","18.314575","-10.465593","-20.036684","20.805168","8.111322","-19.251461","22.363552"
"era-346","8.475699","-18.09838","18.327599","-10.475692","-20.055485","20.825188","8.114915","-19.26236","22.38068"
"era-347","8.483015","-18.11244","18.340586","-10.485765","-20.07424","20.845158","8.118493","-19.273226","22.397755"
"era-348","8.490309","-18.126465","18.353546","-10.495817","-20.092943","20.865078","8.122059","-19.284052","22.41478"
"era-349","8.497587","-18.140453","18.36646","-10.5058365","-20.111614","20.88495","8.125612","-19.294855","22.431751"
"era-350","8.504855","-18.154417","18.379347","-10.515833","-20.13024","20.904772","8.129154","-19.305628","22.448666"
"era-351","8.512108","-18.168352","18.3922","-10.525799","-20.148817","20.924553","8.132673","-19.31637","22.465525"
"era-352","8.519345","-18.182253","18.40502","-10.535747","-20.167355","20.944284","8.136188","-19.327072","22.482336"
"era-353","8.526567","-18.196123","18.417807","-10.545669","-20.185848","20.96397","8.139686","-19.337744","22.499084"
"era-354","8.53377","-18.209959","18.430567","-10.555565","-20.204298","20.98361","8.143173","-19.348387","22.515778"
"era-355","8.540959","-18.223764","18.443295","-10.565434","-20.22271","21.0032","8.146658","-19.359015","22.532429"
"era-356","8.548137","-18.237545","18.455992","-10.575283","-20.241068","21.022747","8.15013","-19.369596","22.549023"
"era-357","8.5553","-18.251291","18.468647","-10.585104","-20.259386","21.042246","8.153585","-19.380167","22.565556"
"era-358","8.562451","-18.265009","18.48127","-10.594897","-20.277666","21.061699","8.157035","-19.390694","22.582039"
"era-359","8.569579","-18.278694","18.493872","-10.604672","-20.295904","21.08111","8.16047","-19.4012","22.598473"
"era-360","8.5767","-18.292355","18.506437","-10.614422","-20.314106","21.100481","8.163892","-19.411678","22.61486"
"era-361","8.583802","-18.30598","18.518976","-10.624152","-20.332264","21.119806","8.167299","-19.422108","22.63119"
"era-362","8.590893","-18.319582","18.531483","-10.633858","-20.350384","21.13909","8.170694","-19.432508","22.647469"
"era-363","8.597971","-18.333153","18.543953","-10.643539","-20.368454","21.158329","8.174079","-19.442886","22.663687"
"era-364","8.605029","-18.346685","18.556395","-10.653199","-20.386494","21.177523","8.177458","-19.453236","22.679869"
"era-365","8.6120825","-18.360203","18.568806","-10.662832","-20.404486","21.196669","8.180822","-19.463554","22.695997"
"era-366","8.619115","-18.373686","18.58119","-10.672444","-20.42244","21.215775","8.184174","-19.47384","22.712076"
"era-367","8.626135","-18.38714","18.593542","-10.682033","-20.44036","21.234842","8.187521","-19.484102","22.728106"
"era-368","8.633141","-18.400564","18.605865","-10.691598","-20.458242","21.253872","8.190857","-19.494345","22.744078"
"era-369","8.640127","-18.413956","18.618158","-10.701139","-20.476084","21.27285","8.194176","-19.504562","22.760004"
"era-370","8.647105","-18.427328","18.630426","-10.710656","-20.493889","21.291794","8.197488","-19.51476","22.775888"
"era-371","8.654072","-18.440674","18.642668","-10.7201605","-20.511658","21.310698","8.20079","-19.524912","22.791716"
"era-372","8.661026","-18.453989","18.654873","-10.729632","-20.529383","21.329554","8.204082","-19.535046","22.807499"
"era-373","8.667963","-18.467274","18.66705","-10.739085","-20.547071","21.348373","8.207358","-19.545149","22.823238"
"era-374","8.674892","-18.480537","18.6792","-10.748521","-20.56472","21.367155","8.210632","-19.555231","22.838919"
"era-375","8.68181","-18.493774","18.69131","-10.757934","-20.582333","21.385895","8.213889","-19.565283","22.854557"
"era-376","8.688713","-18.506983","18.703398","-10.767323","-20.599913","21.404594","8.217139","-19.5753","22.870144"
"era-377","8.695608","-18.520168","18.715458","-10.776686","-20.617447","21.423252","8.220379","-19.585308","22.885685"
"era-378","8.702478","-18.533318","18.7275","-10.786037","-20.634956","21.441874","8.223613","-19.595276","22.901175"
"era-379","8.709337","-18.546442","18.739508","-10.795357","-20.652431","21.460457","8.2268305","-19.605215","22.9166"
"era-380","8.716185","-18.559538","18.751488","-10.804662","-20.669865","21.479002","8.230044","-19.615135","22.931995"
"era-381","8.723022","-18.572613","18.763441","-10.813943","-20.687271","21.497509","8.23325","-19.625029","22.947346"
"era-382","8.72985","-18.58566","18.775362","-10.82321","-20.704636","21.515978","8.236449","-19.634897","22.962646"
"era-383","8.736667","-18.598686","18.787254","-10.832457","-20.721968","21.534416","8.239635","-19.644733","22.977894"
"era-384","8.743461","-18.61167","18.799126","-10.841679","-20.739271","21.552809","8.242816","-19.654535","22.993097"
"era-385","8.750244","-18.624634","18.81097","-10.850886","-20.756533","21.571175","8.245981","-19.664322","23.008257"
"era-386","8.757015","-18.637573","18.822784","-10.860071","-20.773764","21.589499","8.249132","-19.67407","23.02337"
"era-387","8.763775","-18.650488","18.834568","-10.869231","-20.790964","21.60778","8.2522745","-19.683802","23.038433"
"era-388","8.770526","-18.663382","18.84633","-10.878369","-20.80813","21.62603","8.25541","-19.69351","23.053452"
"era-389","8.777263","-18.676243","18.858065","-10.887496","-20.825268","21.644241","8.258541","-19.703186","23.068426"
"era-390","8.783986","-18.68908","18.869772","-10.896604","-20.842365","21.662426","8.261658","-19.71283","23.083359"
"era-391","8.790701","-18.701895","18.881449","-10.905692","-20.859432","21.68057","8.264767","-19.72244","23.098248"
"era-392","8.797405","-18.714685","18.893106","-10.91476","-20.876469","21.698685","8.267868","-19.732033","23.113083"
"era-393","8.804101","-18.727457","18.904736","-10.923814","-20.893475","21.716763","8.270957","-19.741594","23.12787"
"era-394","8.810779","-18.740194","18.916336","-10.932841","-20.910452","21.734806","8.274043","-19.751139","23.14262"
"era-395","8.817443","-18.752909","18.927917","-10.941847","-20.927393","21.752811","8.277119","-19.760664","23.157324"
"era-396","8.824096","-18.765598","18.939472","-10.950839","-20.944302","21.77078","8.280183","-19.770157","23.171984"
"era-397","8.83074","-18.778267","18.951","-10.959809","-20.961182","21.788717","8.28324","-19.779634","23.186598"
"era-398","8.837377","-18.790915","18.962505","-10.96876","-20.978025","21.806618","8.286294","-19.789083","23.20117"
"era-399","8.843994","-18.803534","18.973984","-10.977692","-20.99484","21.824486","8.289339","-19.798515","23.2157"
"era-400","8.850608","-18.81613","18.985437","-10.986606","-21.011623","21.84232","8.292378","-19.80791","23.23018"
"era-401","8.857209","-18.828707","18.99687","-10.995502","-21.028383","21.860123","8.295408","-19.817291","23.244629"
"era-402","8.863796","-18.841257","19.008278","-11.004378","-21.045107","21.87789","8.298431","-19.826649","23.259024"
"era-403","8.870374","-18.853788","19.019665","-11.013238","-21.0618","21.895624","8.301444","-19.83598","23.273378"
"era-404","8.876938","-18.86629","19.031029","-11.022079","-21.078466","21.91333","8.30445","-19.845282","23.287695"
"era-405","8.883493","-18.87877","19.04236","-11.030906","-21.095102","21.931002","8.307444","-19.854559","23.301966"
"era-406","8.890039","-18.891228","19.053675","-11.039718","-21.111717","21.94864","8.310438","-19.8638","23.316193"
"era-407","8.896568","-18.90366","19.064962","-11.048508","-21.128294","21.966251","8.313416","-19.87303","23.33038"
"era-408","8.9030905","-18.916073","19.076231","-11.057281","-21.144848","21.983833","8.316381","-19.882236","23.344528"
"era-409","8.909601","-18.928465","19.08747","-11.066029","-21.161371","22.00138","8.319342","-19.891428","23.358637"
"era-410","8.916103","-18.940832","19.098682","-11.074767","-21.177868","22.018892","8.322296","-19.9006","23.37271"
"era-411","8.922597","-18.95318","19.109879","-11.083481","-21.194336","22.036375","8.325245","-19.909727","23.386736"
"era-412","8.929081","-18.965513","19.121061","-11.092188","-21.21078","22.05383","8.328183","-19.918835","23.400717"
"era-413","8.935551","-18.977818","19.132214","-11.100869","-21.227194","22.071253","8.331114","-19.92792","23.414652"
"era-414","8.942012","-18.990099","19.143343","-11.10954","-21.243584","22.088646","8.334034","-19.936983","23.428556"
"era-415","8.948458","-19.002354","19.15445","-11.118192","-21.25994","22.106012","8.336953","-19.94603","23.442417"
"era-416","8.954896","-19.014593","19.165535","-11.126823","-21.276278","22.123352","8.339865","-19.955061","23.456244"
"era-417","8.9613285","-19.026812","19.176594","-11.135443","-21.292587","22.140657","8.342766","-19.964058","23.470024"
"era-418","8.967748","-19.039007","19.187637","-11.14404","-21.30887","22.15793","8.345658","-19.973036","23.483763"
"era-419","8.974161","-19.051193","19.198666","-11.152621","-21.325127","22.175173","8.348549","-19.98199","23.497465"
"era-420","8.980567","-19.063354","19.209663","-11.161191","-21.341352","22.19239","8.351428","-19.990925","23.51113"
"era-421","8.986954","-19.075481","19.22064","-11.1697445","-21.357557","22.209578","8.354303","-19.999832","23.524755"
"era-422","8.993335","-19.0876","19.231604","-11.178278","-21.373737","22.226738","8.357167","-20.008709","23.538336"
"era-423","8.999704","-19.099697","19.242542","-11.186798","-21.389889","22.243872","8.3600235","-20.017576","23.55188"
"era-424","9.006063","-19.111769","19.253466","-11.195301","-21.406017","22.260979","8.362875","-20.026424","23.565386"
"era-425","9.01241","-19.123817","19.264359","-11.203783","-21.422123","22.27805","8.365722","-20.03525","23.578852"
"era-426","9.01875","-19.135849","19.275232","-11.21225","-21.438202","22.295095","8.36856","-20.044054","23.59228"
"era-427","9.025082","-19.147861","19.286085","-11.220706","-21.454258","22.312115","8.371387","-20.05284","23.60567"
"era-428","9.031405","-19.159857","19.296913","-11.229142","-21.470287","22.329105","8.374211","-20.061592","23.61903"
"era-429","9.037721","-19.171831","19.307724","-11.237565","-21.486286","22.346067","8.37703","-20.070337","23.632347"
"era-430","9.044023","-19.183783","19.318512","-11.245969","-21.502277","22.363007","8.379839","-20.07906","23.64563"
"era-431","9.0503235","-19.195719","19.329277","-11.254364","-21.518238","22.379923","8.382646","-20.087753","23.658867"
"era-432","9.056608","-19.207638","19.340036","-11.26274","-21.534172","22.396805","8.385438","-20.09642","23.672071"
"era-433","9.0628805","-19.21953","19.35077","-11.271098","-21.550087","22.413662","8.388228","-20.105074","23.685236"
"era-434","9.069142","-19.231396","19.361483","-11.279443","-21.565975","22.43049","8.391017","-20.113714","23.698364"
"era-435","9.075391","-19.24324","19.372173","-11.287772","-21.581837","22.447289","8.393797","-20.12231","23.711462"
"era-436","9.081634","-19.255072","19.38285","-11.296083","-21.597675","22.464064","8.396568","-20.13089","23.724516"
"era-437","9.087865","-19.266874","19.3935","-11.304387","-21.6135","22.480812","8.399333","-20.139448","23.737537"
"era-438","9.09409","-19.27867","19.40413","-11.312669","-21.629292","22.497536","8.402091","-20.14799","23.750511"
"era-439","9.100309","-19.290443","19.414742","-11.32094","-21.64507","22.514235","8.404848","-20.156513","23.763462"
"era-440","9.106521","-19.302197","19.425333","-11.329191","-21.660822","22.530909","8.407599","-20.16502","23.77637"
"era-441","9.11272","-19.313932","19.435904","-11.337434","-21.67655","22.54755","8.410342","-20.173496","23.789242"
"era-442","9.118907","-19.325645","19.44646","-11.345657","-21.692255","22.56417","8.413077","-20.181967","23.802076"
"era-443","9.12509","-19.337345","19.456993","-11.353864","-21.707945","22.580767","8.415808","-20.190407","23.814882"
"era-444","9.131264","-19.349026","19.46751","-11.362059","-21.723606","22.597336","8.418532","-20.198822","23.82765"
"era-445","9.137428","-19.36069","19.478018","-11.37024","-21.73925","22.61388","8.4212475","-20.207226","23.840387"
"era-446","9.143582","-19.372328","19.488495","-11.3784075","-21.75487","22.6304","8.423959","-20.215601","23.853085"
"era-447","9.149729","-19.383957","19.498964","-11.386559","-21.770472","22.646896","8.426666","-20.22396","23.865757"
"era-448","9.155864","-19.395565","19.509417","-11.394693","-21.78605","22.663368","8.429366","-20.23231","23.878386"
"era-449","9.161993","-19.407154","19.519842","-11.402817","-21.801615","22.679817","8.432062","-20.24063","23.890982"
"era-450","9.168118","-19.418728","19.53025","-11.41093","-21.817154","22.696243","8.434748","-20.248934","23.903543"
"era-451","9.174231","-19.430283","19.540642","-11.419027","-21.832676","22.712652","8.437428","-20.257223","23.91607"
"era-452","9.180332","-19.441818","19.551022","-11.427118","-21.848175","22.729036","8.440112","-20.265493","23.928564"
"era-453","9.186428","-19.453339","19.561382","-11.435183","-21.863665","22.745396","8.442788","-20.27375","23.941027"
"era-454","9.192514","-19.46484","19.571722","-11.44324","-21.87913","22.761734","8.4454565","-20.281988","23.953457"
"era-455","9.1986","-19.47633","19.582047","-11.451278","-21.89457","22.77804","8.448126","-20.290205","23.965845"
"era-456","9.204671","-19.4878","19.592367","-11.459306","-21.909986","22.79432","8.450786","-20.298399","23.978207"
"era-457","9.210733","-19.499252","19.602655","-11.467317","-21.925386","22.810583","8.453435","-20.306574","23.990532"
"era-458","9.216789","-19.51069","19.612932","-11.475323","-21.940773","22.826824","8.456085","-20.314728","24.002823"
"era-459","9.22284","-19.522112","19.623194","-11.483311","-21.956148","22.84305","8.458728","-20.322857","24.015085"
"era-460","9.228878","-19.533512","19.63344","-11.49129","-21.971493","22.85925","8.461366","-20.330967","24.027319"
"era-461","9.234916","-19.5449","19.64367","-11.499253","-21.986818","22.87542","8.463998","-20.339062","24.039518"
"era-462","9.240943","-19.556276","19.653877","-11.507201","-22.002132","22.89157","8.46663","-20.347136","24.051691"
"era-463","9.246964","-19.56763","19.664072","-11.515138","-22.017427","22.907705","8.46925","-20.355186","24.063826"
"era-464","9.252976","-19.578972","19.674248","-11.523066","-22.0327","22.923815","8.47187","-20.36323","24.075937"
"era-465","9.258977","-19.590292","19.684414","-11.530978","-22.047955","22.939901","8.474487","-20.371248","24.088017"
"era-466","9.264972","-19.601593","19.694553","-11.538877","-22.063194","22.955967","8.4771","-20.379242","24.100067"
"era-467","9.270956","-19.612875","19.704681","-11.546761","-22.07842","22.972008","8.479703","-20.387224","24.11208"
"era-468","9.276937","-19.624151","19.714796","-11.554632","-22.093624","22.988035","8.482304","-20.395191","24.12405"
"era-469","9.282908","-19.635408","19.724895","-11.562493","-22.108805","23.004036","8.4848995","-20.403143","24.135996"
"era-470","9.288873","-19.646646","19.734976","-11.570343","-22.123972","23.02002","8.487492","-20.411076","24.147915"
"era-471","9.294826","-19.65787","19.745037","-11.578177","-22.139126","23.03598","8.490081","-20.418991","24.159807"
"era-472","9.300778","-19.669079","19.755093","-11.586001","-22.154264","23.051924","8.492662","-20.426888","24.171667"
"era-473","9.306724","-19.680277","19.765123","-11.593813","-22.169382","23.067842","8.495239","-20.43477","24.183502"
"era-474","9.31266","-19.691456","19.775145","-11.601612","-22.184483","23.083742","8.497812","-20.442638","24.195305"
"era-475","9.318591","-19.702625","19.78515","-11.609398","-22.199566","23.09962","8.5003805","-20.450478","24.207062"
"era-476","9.324516","-19.713774","19.795141","-11.617174","-22.214636","23.11548","8.502952","-20.458307","24.218792"
"era-477","9.330426","-19.724903","19.805115","-11.624937","-22.22968","23.13132","8.505512","-20.466116","24.230497"
"era-478","9.336329","-19.736021","19.815079","-11.63269","-22.244713","23.14714","8.508061","-20.473915","24.242178"
"era-479","9.342226","-19.747124","19.825026","-11.64042","-22.259735","23.162933","8.510604","-20.481693","24.253828"
"era-480","9.348118","-19.758211","19.834955","-11.648149","-22.274742","23.178715","8.51315","-20.48945","24.265451"
"era-481","9.353997","-19.76928","19.844883","-11.655864","-22.289726","23.194473","8.515689","-20.497185","24.277042"
"era-482","9.359878","-19.78034","19.854784","-11.66357","-22.304699","23.210217","8.518226","-20.504898","24.28861"
"era-483","9.365754","-19.79139","19.86467","-11.67126","-22.319658","23.225937","8.520757","-20.5126","24.300148"
"era-484","9.371615","-19.802416","19.87454","-11.678941","-22.334604","23.241642","8.523285","-20.5203","24.311646"
"era-485","9.377464","-19.813417","19.884405","-11.686607","-22.349531","23.257324","8.525811","-20.527964","24.323118"
"era-486","9.38331","-19.824413","19.894253","-11.694268","-22.364435","23.27299","8.52833","-20.53562","24.33457"
"era-487","9.389148","-19.835396","19.90409","-11.701917","-22.379324","23.288633","8.5308485","-20.543262","24.345991"
"era-488","9.394981","-19.846367","19.91391","-11.709549","-22.394209","23.30426","8.533356","-20.550894","24.357393"
"era-489","9.400808","-19.85732","19.923714","-11.717177","-22.409077","23.319878","8.535862","-20.558502","24.368753"
"era-490","9.4066305","-19.868261","19.9335","-11.724788","-22.423937","23.335474","8.538361","-20.566097","24.380095"
"era-491","9.412443","-19.879189","19.943281","-11.732391","-22.438774","23.351046","8.540858","-20.573683","24.391401"
"era-492","9.418247","-19.890097","19.953041","-11.739983","-22.453592","23.366602","8.543352","-20.58125","24.402683"
"era-493","9.424044","-19.900991","19.96279","-11.747564","-22.468403","23.382143","8.54584","-20.588799","24.413939"
"era-494","9.429837","-19.911875","19.97252","-11.755133","-22.483198","23.397663","8.548324","-20.596325","24.42517"
"era-495","9.435621","-19.922739","19.982239","-11.762693","-22.497986","23.413166","8.550807","-20.603834","24.436373"
"era-496","9.441401","-19.933592","19.99195","-11.770242","-22.512754","23.42865","8.553285","-20.611332","24.447552"
"era-497","9.447168","-19.944426","20.001642","-11.77778","-22.527506","23.444118","8.555762","-20.618807","24.458696"
"era-498","9.452932","-19.955252","20.011332","-11.785303","-22.54225","23.459568","8.558232","-20.626265","24.469822"
"era-499","9.45869","-19.966063","20.021002","-11.792822","-22.556982","23.475","8.5607","-20.633709","24.480915"
"era-500","9.46444","-19.97686","20.03066","-11.80033","-22.571695","23.490417","8.563166","-20.641138","24.49198"
"era-501","9.470188","-19.987646","20.040302","-11.807833","-22.5864","23.505821","8.5656185","-20.64855","24.503027"
"era-502","9.475925","-19.998415","20.049929","-11.815322","-22.601088","23.521212","8.568074","-20.65595","24.514042"
"era-503","9.481658","-20.009174","20.059547","-11.822797","-22.615768","23.536577","8.570529","-20.663334","24.525032"
"era-504","9.487383","-20.019915","20.06915","-11.830258","-22.630432","23.551926","8.572982","-20.670712","24.535997"
"era-505","9.493102","-20.030645","20.078747","-11.837713","-22.64508","23.567257","8.575427","-20.67806","24.546938"
"era-506","9.498815","-20.041359","20.088322","-11.8451605","-22.659714","23.582571","8.577867","-20.6854","24.557846"
"era-507","9.504517","-20.052055","20.097889","-11.852593","-22.674337","23.597868","8.580307","-20.692726","24.568731"
"era-508","9.510211","-20.06274","20.107445","-11.860015","-22.688946","23.61315","8.582744","-20.700039","24.579594"
"era-509","9.5159025","-20.073414","20.11698","-11.867433","-22.703543","23.628418","8.585175","-20.707335","24.590433"
"era-510","9.521584","-20.084063","20.126503","-11.874838","-22.71813","23.643665","8.587611","-20.714607","24.601246"
"era-511","9.527258","-20.094706","20.136023","-11.882238","-22.732708","23.658901","8.59004","-20.721867","24.612036"
"era-512","9.532928","-20.105337","20.145529","-11.889624","-22.747269","23.674116","8.592465","-20.729115","24.6228"
"era-513","9.538592","-20.115953","20.155024","-11.896999","-22.761818","23.689316","8.594892","-20.736347","24.633541"
"era-514","9.5442505","-20.126558","20.1645","-11.904363","-22.776352","23.704502","8.597304","-20.743555","24.64426"
"era-515","9.549905","-20.137154","20.173964","-11.911718","-22.790882","23.71967","8.599717","-20.750751","24.654947"
"era-516","9.555555","-20.147738","20.183422","-11.919074","-22.805399","23.734827","8.60213","-20.757935","24.665607"
"era-517","9.561201","-20.158314","20.192875","-11.926413","-22.8199","23.749968","8.60454","-20.765097","24.676247"
"era-518","9.566836","-20.168869","20.202307","-11.93374","-22.834396","23.76509","8.606948","-20.77225","24.686865"
"era-519","9.572467","-20.179413","20.21173","-11.941066","-22.848873","23.780203","8.609352","-20.779396","24.69746"
"era-520","9.57809","-20.189941","20.221136","-11.9483795","-22.86334","23.795301","8.611755","-20.78652","24.708035"
"era-521","9.583708","-20.20046","20.23054","-11.955683","-22.8778","23.810379","8.614152","-20.793621","24.718582"
"era-522","9.589316","-20.210962","20.239923","-11.962975","-22.892246","23.825438","8.616546","-20.800726","24.729109"
"era-523","9.594923","-20.221458","20.249292","-11.970259","-22.906681","23.840487","8.618937","-20.807825","24.739613"
"era-524","9.600526","-20.231941","20.258652","-11.977534","-22.92111","23.855528","8.621324","-20.814898","24.75009"
"era-525","9.606119","-20.24241","20.268005","-11.984802","-22.935524","23.87055","8.623713","-20.821962","24.760538"
"era-526","9.61171","-20.25287","20.277346","-11.992063","-22.94992","23.88556","8.626094","-20.82901","24.77097"
"era-527","9.6172905","-20.263317","20.286678","-11.9993105","-22.96432","23.900553","8.628473","-20.836035","24.781382"
"era-528","9.62287","-20.27375","20.295998","-12.006554","-22.978708","23.915531","8.630853","-20.843046","24.791765"
"era-529","9.62844","-20.284172","20.305304","-12.013788","-22.99308","23.930496","8.6332245","-20.850042","24.802128"
"era-530","9.634008","-20.294584","20.3146","-12.02101","-23.007444","23.94545","8.635599","-20.857021","24.81247"
"era-531","9.639569","-20.304981","20.323893","-12.028232","-23.021807","23.960394","8.637967","-20.863983","24.822786"
"era-532","9.645122","-20.315367","20.333174","-12.035442","-23.03615","23.97532","8.640334","-20.870937","24.83309"
"era-533","9.650665","-20.325739","20.342447","-12.042647","-23.050478","23.99023","8.642695","-20.87788","24.843359"
"era-534","9.656203","-20.3361","20.351711","-12.049833","-23.064802","24.005125","8.64505","-20.884811","24.853613"
"era-535","9.661736","-20.346447","20.360958","-12.057017","-23.079117","24.020008","8.647411","-20.891731","24.86384"
"era-536","9.667265","-20.356789","20.370197","-12.064188","-23.09343","24.03488","8.64976","-20.898643","24.87405"
"era-537","9.672791","-20.367117","20.379423","-12.071351","-23.107723","24.049728","8.652114","-20.905537","24.884237"
"era-538","9.6783085","-20.377432","20.38864","-12.078507","-23.122005","24.064571","8.65446","-20.912415","24.894405"
"era-539","9.683822","-20.38774","20.39785","-12.085658","-23.136282","24.079401","8.656806","-20.91929","24.904552"
"era-540","9.689328","-20.398033","20.407051","-12.092798","-23.150549","24.094221","8.659139","-20.926138","24.914669"
"era-541","9.694828","-20.408318","20.416248","-12.099932","-23.164812","24.109026","8.661478","-20.93298","24.924772"
"era-542","9.700329","-20.41859","20.425425","-12.107062","-23.179062","24.123823","8.663823","-20.93981","24.934849"
"era-543","9.705818","-20.428852","20.4346","-12.1141815","-23.193306","24.138605","8.666157","-20.946617","24.944904"
"era-544","9.711306","-20.439106","20.443766","-12.121296","-23.207539","24.153378","8.668491","-20.953423","24.954947"
"era-545","9.716787","-20.449347","20.452915","-12.1284","-23.221767","24.168135","8.670817","-20.96021","24.964966"
"era-546","9.722263","-20.459578","20.462057","-12.1355","-23.235987","24.182878","8.673142","-20.96699","24.97497"
"era-547","9.7277355","-20.469797","20.471184","-12.142582","-23.250195","24.197613","8.675466","-20.973757","24.98495"
"era-548","9.733201","-20.480003","20.480309","-12.149666","-23.264399","24.212334","8.677783","-20.980513","24.994911"
"era-549","9.738655","-20.490196","20.489422","-12.156734","-23.278585","24.22704","8.680102","-20.987246","25.004852"
"era-550","9.744113","-20.500385","20.49852","-12.163805","-23.292768","24.241728","8.682421","-20.993965","25.014769"
"era-551","9.749559","-20.51056","20.507614","-12.17086","-23.306942","24.256407","8.684737","-21.000683","25.024672"
"era-552","9.755004","-20.520721","20.516695","-12.177911","-23.32111","24.271076","8.687045","-21.007385","25.034555"
"era-553","9.760446","-20.53088","20.525768","-12.184957","-23.335264","24.285738","8.689353","-21.014078","25.044413"
"era-554","9.765882","-20.541021","20.534828","-12.191998","-23.349419","24.300385","8.691663","-21.020756","25.054255"
"era-555","9.771311","-20.551153","20.543888","-12.199024","-23.363564","24.315025","8.693967","-21.027414","25.064075"
"era-556","9.7767315","-20.561277","20.552935","-12.206046","-23.377695","24.329647","8.69626","-21.034065","25.073877"
"era-557","9.782152","-20.57139","20.561975","-12.213061","-23.391825","24.344254","8.698564","-21.040707","25.08366"
"era-558","9.787563","-20.58149","20.571001","-12.220064","-23.405943","24.358856","8.700854","-21.04733","25.093424"
"era-559","9.792964","-20.591574","20.58002","-12.22707","-23.420055","24.373442","8.703146","-21.053946","25.10317"
"era-560","9.798365","-20.601652","20.58903","-12.234065","-23.434158","24.388025","8.705436","-21.060549","25.112892"
"era-561","9.803758","-20.611717","20.59803","-12.241057","-23.448256","24.402592","8.707723","-21.067146","25.122604"
"era-562","9.809152","-20.621782","20.607029","-12.24804","-23.462345","24.417152","8.710008","-21.073736","25.132296"
"era-563","9.814536","-20.631834","20.616014","-12.255014","-23.47643","24.431704","8.712289","-21.08031","25.141964"
"era-564","9.819921","-20.641874","20.624989","-12.261979","-23.490501","24.446238","8.714566","-21.086878","25.15162"
"era-565","9.825293","-20.651901","20.633959","-12.268936","-23.50457","24.46076","8.716838","-21.093428","25.161255"
"era-566","9.830659","-20.661915","20.642918","-12.275895","-23.518633","24.475273","8.719111","-21.09996","25.170877"
"era-567","9.836026","-20.671923","20.651865","-12.282845","-23.532688","24.489779","8.721386","-21.106472","25.180483"
"era-568","9.84139","-20.681921","20.6608","-12.289786","-23.546738","24.504274","8.723658","-21.11298","25.190067"
"era-569","9.84674","-20.691904","20.669737","-12.296729","-23.560783","24.518763","8.7259245","-21.119476","25.19963"
"era-570","9.852087","-20.701878","20.678665","-12.303656","-23.574816","24.53323","8.728195","-21.125963","25.209175"
"era-571","9.857431","-20.71184","20.687572","-12.310585","-23.58884","24.547693","8.730459","-21.132444","25.218702"
"era-572","9.862764","-20.721788","20.696474","-12.3175","-23.602863","24.562145","8.732723","-21.138924","25.228212"
"era-573","9.8681","-20.731737","20.70537","-12.3244095","-23.61688","24.576588","8.734983","-21.145376","25.237705"
"era-574","9.873434","-20.741678","20.71426","-12.331319","-23.630888","24.591024","8.737238","-21.151817","25.24718"
"era-575","9.878756","-20.7516","20.723143","-12.338216","-23.64489","24.605452","8.739492","-21.158257","25.25664"
"era-576","9.884069","-20.761513","20.732014","-12.345115","-23.65889","24.619864","8.741743","-21.164684","25.266083"
"era-577","9.889383","-20.771421","20.740885","-12.352001","-23.67288","24.63427","8.743998","-21.1711","25.275507"
"era-578","9.894693","-20.781322","20.749746","-12.358888","-23.686863","24.648663","8.7462435","-21.177498","25.284914"
"era-579","9.899998","-20.79121","20.758595","-12.365759","-23.700842","24.663048","8.748485","-21.183897","25.294308"
"era-580","9.905299","-20.801088","20.767439","-12.372625","-23.714813","24.677422","8.750725","-21.190268","25.303679"
"era-581","9.910587","-20.810951","20.776276","-12.379493","-23.728783","24.691788","8.752971","-21.196636","25.313038"
"era-582","9.91588","-20.82081","20.785095","-12.386356","-23.74274","24.70614","8.755203","-21.202993","25.32238"
"era-583","9.921163","-20.83066","20.793919","-12.393207","-23.756695","24.720491","8.757437","-21.20934","25.331709"
"era-584","9.926441","-20.840498","20.802729","-12.400057","-23.770645","24.73483","8.75967","-21.215673","25.341019"
"era-585","9.93172","-20.850328","20.811527","-12.406899","-23.784594","24.74916","8.761904","-21.221994","25.350315"
"era-586","9.936986","-20.860146","20.820324","-12.413735","-23.798529","24.76348","8.764131","-21.228312","25.359594"
"era-587","9.942251","-20.869959","20.829113","-12.420573","-23.812462","24.777798","8.766357","-21.23462","25.368856"
"era-588","9.947511","-20.879759","20.837893","-12.427403","-23.82639","24.792099","8.768583","-21.240915","25.37811"
"era-589","9.952766","-20.889551","20.846664","-12.434227","-23.840305","24.80639","8.770803","-21.247175","25.387352"
"era-590","9.958018","-20.899334","20.855421","-12.441044","-23.854225","24.820677","8.773022","-21.253452","25.396572"
"era-591","9.963263","-20.909107","20.864185","-12.447857","-23.868135","24.834955","8.775235","-21.259708","25.405773"
"era-592","9.968507","-20.918879","20.87294","-12.454666","-23.882044","24.849226","8.777448","-21.265959","25.41496"
"era-593","9.973744","-20.928637","20.881687","-12.461474","-23.895945","24.86349","8.779654","-21.272192","25.424131"
"era-594","9.978978","-20.938389","20.890425","-12.468273","-23.909834","24.877743","8.781864","-21.278423","25.433292"
"era-595","9.984212","-20.948132","20.899155","-12.475067","-23.923733","24.891989","8.784074","-21.284637","25.442436"
"era-596","9.989436","-20.957863","20.907873","-12.48186","-23.937618","24.90622","8.786279","-21.290844","25.451567"
"era-597","9.994655","-20.967583","20.91659","-12.488645","-23.951502","24.920454","8.788483","-21.297033","25.460688"
"era-598","9.999869","-20.977293","20.925297","-12.495421","-23.965374","24.934673","8.790683","-21.303219","25.469793"
"era-599","10.005081","-20.987001","20.933994","-12.502199","-23.97925","24.948883","8.79288","-21.309383","25.478878"
"era-600","10.010288","-20.996696","20.942694","-12.508967","-23.99312","24.963093","8.795075","-21.315548","25.48795"
"era-601","10.0154915","-21.006388","20.951384","-12.515741","-24.00698","24.977295","8.797274","-21.321709","25.497011"
"era-602","10.020688","-21.016062","20.960064","-12.522505","-24.020842","24.991486","8.79947","-21.327854","25.506048"
"era-603","10.025875","-21.025728","20.96874","-12.529266","-24.034698","25.005672","8.801658","-21.333994","25.515076"
"era-604","10.031064","-21.035387","20.977407","-12.536021","-24.048555","25.019854","8.803848","-21.340117","25.524092"
"era-605","10.036248","-21.045038","20.986065","-12.54278","-24.062397","25.034021","8.806036","-21.346228","25.533092"
"era-606","10.041426","-21.05468","20.994719","-12.54952","-24.07624","25.04818","8.808223","-21.352337","25.54208"
"era-607","10.0465975","-21.064314","21.003366","-12.556261","-24.090073","25.062332","8.810404","-21.358442","25.551054"
"era-608","10.051763","-21.073935","21.012009","-12.562994","-24.103905","25.076477","8.812582","-21.364529","25.560007"
"era-609","10.056925","-21.083551","21.020638","-12.569726","-24.117731","25.09061","8.814754","-21.370611","25.568958"
"era-610","10.062087","-21.093163","21.029268","-12.57645","-24.131556","25.10474","8.816926","-21.376678","25.577894"
"era-611","10.067239","-21.102758","21.03789","-12.583176","-24.145374","25.118864","8.819098","-21.382744","25.586817"
"era-612","10.072388","-21.11235","21.046503","-12.589899","-24.15919","25.13298","8.82127","-21.38879","25.595718"
"era-613","10.077537","-21.121933","21.055113","-12.596616","-24.173","25.147087","8.823436","-21.394829","25.604612"
"era-614","10.08268","-21.131508","21.06371","-12.603332","-24.186806","25.161192","8.825605","-21.400852","25.613493"
"era-615","10.087817","-21.141073","21.072308","-12.610039","-24.20061","25.17529","8.827772","-21.406868","25.62236"
"era-616","10.092952","-21.15063","21.080898","-12.616749","-24.21441","25.189377","8.829933","-21.412878","25.631212"
"era-617","10.098081","-21.16018","21.089478","-12.623445","-24.228207","25.203459","8.832097","-21.418875","25.640057"
"era-618","10.1032","-21.169714","21.098055","-12.630147","-24.241997","25.21753","8.834258","-21.424868","25.648886"
"era-619","10.10832","-21.179247","21.106627","-12.636846","-24.255787","25.231606","8.836413","-21.430847","25.657713"
"era-620","10.113443","-21.188774","21.11518","-12.6435375","-24.26957","25.24567","8.838572","-21.436815","25.666523"
"era-621","10.118552","-21.19829","21.123737","-12.6502285","-24.283354","25.259731","8.840727","-21.442785","25.675318"
"era-622","10.123661","-21.2078","21.132288","-12.656918","-24.297132","25.273787","8.84288","-21.448746","25.684101"
"era-623","10.128769","-21.217304","21.140825","-12.663604","-24.310904","25.28783","8.845024","-21.45469","25.692875"
"era-624","10.133865","-21.226791","21.14936","-12.670277","-24.324673","25.30187","8.847173","-21.460627","25.701637"
"era-625","10.138957","-21.236273","21.157892","-12.676952","-24.33844","25.315899","8.84931","-21.46656","25.710382"
"era-626","10.144047","-21.245749","21.16642","-12.683627","-24.3522","25.329926","8.851455","-21.472479","25.71912"
"era-627","10.149135","-21.255217","21.174934","-12.69029","-24.365957","25.343943","8.853596","-21.47839","25.727844"
"era-628","10.154217","-21.264673","21.183443","-12.6969595","-24.379713","25.357956","8.855732","-21.484287","25.736557"
"era-629","10.159295","-21.274122","21.19194","-12.703623","-24.39346","25.371964","8.857868","-21.490177","25.745256"
"era-630","10.164368","-21.283562","21.20044","-12.710285","-24.407211","25.385971","8.860002","-21.496063","25.753942"
"era-631","10.169435","-21.293001","21.208935","-12.716946","-24.420952","25.399967","8.862133","-21.50194","25.762619"
"era-632","10.174501","-21.302431","21.21743","-12.723597","-24.434692","25.413958","8.864263","-21.5078","25.77129"
"era-633","10.179562","-21.311852","21.225912","-12.7302475","-24.44843","25.427935","8.866392","-21.51366","25.779945"
"era-634","10.184622","-21.321268","21.2344","-12.736895","-24.462156","25.441914","8.868519","-21.519506","25.788595"
"era-635","10.189679","-21.33068","21.242874","-12.743541","-24.475882","25.455883","8.870637","-21.525341","25.797234"
"era-636","10.194725","-21.340082","21.251348","-12.750181","-24.4896","25.469849","8.872755","-21.531176","25.805851"
"era-637","10.199775","-21.349478","21.259813","-12.756823","-24.503317","25.483805","8.874871","-21.536997","25.814466"
"era-638","10.204823","-21.358868","21.268269","-12.763458","-24.517042","25.497759","8.876991","-21.542814","25.823069"
"era-639","10.209861","-21.368244","21.276714","-12.770093","-24.530748","25.511705","8.879111","-21.548622","25.831669"
"era-640","10.214897","-21.377613","21.285154","-12.776725","-24.544462","25.52565","8.881224","-21.554422","25.840256"
"era-641","10.21993","-21.38698","21.293592","-12.783358","-24.558168","25.53959","8.883337","-21.560204","25.848831"
"era-642","10.224956","-21.396328","21.302025","-12.789984","-24.57187","25.553522","8.885446","-21.565979","25.857397"
"era-643","10.229976","-21.405672","21.310448","-12.796612","-24.585567","25.56745","8.887559","-21.571756","25.865952"
"era-644","10.234989","-21.415009","21.318872","-12.803241","-24.599262","25.58137","8.8896675","-21.577532","25.874502"
"era-645","10.240002","-21.424335","21.32729","-12.809856","-24.612955","25.595293","8.891773","-21.583294","25.88304"
"era-646","10.24501","-21.433659","21.335701","-12.816475","-24.626648","25.609205","8.893877","-21.589039","25.891565"
"era-647","10.250016","-21.442974","21.344107","-12.823091","-24.640337","25.623116","8.89598","-21.59478","25.900084"
"era-648","10.25502","-21.452288","21.352507","-12.829701","-24.654022","25.637018","8.898077","-21.600517","25.908588"
"era-649","10.2600155","-21.461586","21.3609","-12.836315","-24.667706","25.650913","8.900175","-21.606256","25.917088"
"era-650","10.265004","-21.470873","21.369293","-12.842929","-24.681381","25.66481","8.902269","-21.61198","25.92558"
"era-651","10.269992","-21.480158","21.377672","-12.849533","-24.695057","25.678701","8.90436","-21.617699","25.934065"
"era-652","10.274972","-21.489428","21.386042","-12.856138","-24.70873","25.692587","8.906453","-21.62342","25.942533"
"era-653","10.279946","-21.498692","21.39441","-12.862747","-24.722403","25.70647","8.908539","-21.629124","25.950994"
"era-654","10.284916","-21.507946","21.402771","-12.869345","-24.736074","25.720352","8.910621","-21.634823","25.959448"
"era-655","10.2898855","-21.5172","21.411129","-12.875946","-24.749744","25.734226","8.912698","-21.640518","25.967896"
"era-656","10.294852","-21.526447","21.419481","-12.88254","-24.763405","25.7481","8.914772","-21.646202","25.976337"
"era-657","10.299814","-21.535685","21.427822","-12.889144","-24.777067","25.761965","8.916844","-21.651867","25.984766"
"era-658","10.304774","-21.544918","21.436165","-12.895745","-24.790718","25.775827","8.918916","-21.657532","25.993189"
"era-659","10.309732","-21.554146","21.4445","-12.902343","-24.804367","25.789688","8.920984","-21.663181","26.001604"
"era-660","10.314683","-21.563364","21.452833","-12.908936","-24.81802","25.803535","8.923055","-21.668821","26.01001"
"era-661","10.319631","-21.572577","21.461166","-12.9155245","-24.831663","25.817385","8.92512","-21.674454","26.01841"
"era-662","10.324574","-21.581781","21.46949","-12.922116","-24.845306","25.831226","8.927183","-21.68008","26.026806"
"era-663","10.329517","-21.590982","21.477806","-12.928705","-24.858944","25.845068","8.929246","-21.685703","26.03519"
"era-664","10.334455","-21.600178","21.48612","-12.935292","-24.872591","25.858906","8.931307","-21.691319","26.043564"
"era-665","10.339383","-21.60936","21.494432","-12.941881","-24.886223","25.87274","8.93336","-21.696924","26.051935"
"era-666","10.344313","-21.61854","21.502739","-12.948464","-24.899853","25.886572","8.935416","-21.702532","26.060295"
"era-667","10.349237","-21.627703","21.511023","-12.955058","-24.913486","25.900398","8.937463","-21.70812","26.06865"
"era-668","10.354158","-21.63687","21.519314","-12.961639","-24.927114","25.914223","8.939512","-21.713709","26.076994"
"era-669","10.359078","-21.646027","21.527601","-12.968221","-24.94074","25.928043","8.941559","-21.719292","26.085331"
"era-670","10.363992","-21.655176","21.535881","-12.9748","-24.954361","25.941854","8.943608","-21.72487","26.093664"
"era-671","10.368903","-21.664318","21.544151","-12.981382","-24.967974","25.955664","8.945653","-21.730434","26.101992"
"era-672","10.373806","-21.673456","21.552425","-12.98796","-24.981583","25.969471","8.947692","-21.735994","26.110304"
"era-673","10.37871","-21.682587","21.560696","-12.994533","-24.995201","25.983273","8.94973","-21.741537","26.118618"
"era-674","10.383608","-21.691706","21.568956","-13.001114","-25.00881","25.997072","8.951767","-21.747074","26.126923"
"era-675","10.388503","-21.70082","21.577211","-13.007693","-25.022413","26.01087","8.953799","-21.7526","26.13522"
"era-676","10.393393","-21.709929","21.585464","-13.014269","-25.036016","26.02466","8.955834","-21.758131","26.143513"
"era-677","10.398278","-21.719027","21.593712","-13.020845","-25.049616","26.03846","8.957862","-21.76366","26.151794"
"era-678","10.403156","-21.72812","21.601967","-13.027419","-25.063223","26.052248","8.959889","-21.769178","26.16007"
"era-679","10.408033","-21.737206","21.6102","-13.033997","-25.076818","26.066034","8.961916","-21.774685","26.168343"
"era-680","10.412909","-21.746286","21.618433","-13.040572","-25.090414","26.07982","8.963939","-21.780195","26.176607"
"era-681","10.417778","-21.755363","21.626665","-13.047149","-25.10401","26.093603","8.965959","-21.785694","26.184868"
"era-682","10.422646","-21.76443","21.634886","-13.053716","-25.1176","26.107384","8.967982","-21.791185","26.193121"
"era-683","10.42751","-21.773489","21.643105","-13.060289","-25.131184","26.12116","8.969998","-21.796675","26.20137"
"era-684","10.432372","-21.782545","21.651316","-13.066866","-25.144764","26.134933","8.97201","-21.802162","26.209612"
"era-685","10.4372225","-21.791586","21.659523","-13.073434","-25.15834","26.148703","8.974027","-21.807646","26.217848"
"era-686","10.44207","-21.800627","21.66773","-13.080005","-25.171919","26.162468","8.976034","-21.813108","26.226082"
"era-687","10.4469185","-21.80966","21.675938","-13.086576","-25.185482","26.17623","8.97804","-21.818579","26.234312"
"era-688","10.45176","-21.818686","21.684132","-13.093147","-25.19905","26.18999","8.980041","-21.82403","26.242533"
"era-689","10.456604","-21.827707","21.69232","-13.099716","-25.212616","26.203747","8.982041","-21.829472","26.250751"
"era-690","10.46144","-21.836721","21.700508","-13.106287","-25.22618","26.217499","8.984046","-21.83491","26.25897"
"era-691","10.466273","-21.84573","21.708693","-13.112861","-25.23974","26.231247","8.986045","-21.840347","26.267183"
"era-692","10.471101","-21.85473","21.716867","-13.119427","-25.253296","26.245005","8.988046","-21.845778","26.275387"
"era-693","10.475927","-21.863724","21.725039","-13.125997","-25.266855","26.258745","8.99004","-21.85119","26.283587"
"era-694","10.480743","-21.872705","21.733208","-13.132566","-25.280409","26.272491","8.992027","-21.856598","26.291782"
"era-695","10.48556","-21.881681","21.74137","-13.139139","-25.293953","26.286236","8.994017","-21.86201","26.299969"
"era-696","10.490373","-21.890652","21.749517","-13.14571","-25.3075","26.299978","8.996005","-21.867413","26.308153"
"era-697","10.495178","-21.899616","21.757671","-13.152282","-25.321037","26.313713","8.99799","-21.87281","26.316328"
"era-698","10.499985","-21.908575","21.76582","-13.158852","-25.334574","26.327446","8.999972","-21.878193","26.324501"
"era-699","10.504787","-21.917532","21.773966","-13.165419","-25.348106","26.341175","9.0019455","-21.88358","26.332672"
"era-700","10.509585","-21.926477","21.782103","-13.1719885","-25.361633","26.354902","9.0039215","-21.888962","26.340837"
"era-701","10.514381","-21.93542","21.790234","-13.178561","-25.375154","26.368633","9.005896","-21.894333","26.349005"
"era-702","10.519171","-21.94435","21.798363","-13.185133","-25.388674","26.382357","9.007864","-21.899693","26.357162"
"era-703","10.523959","-21.95328","21.806488","-13.191705","-25.402195","26.396082","9.009831","-21.905058","26.36532"
"era-704","10.528746","-21.962208","21.814617","-13.198279","-25.415714","26.4098","9.011798","-21.91041","26.373468"
"era-705","10.533535","-21.971134","21.822731","-13.20485","-25.429226","26.42352","9.01376","-21.915762","26.38161"
"era-706","10.538319","-21.980053","21.830845","-13.211418","-25.442734","26.437231","9.0157175","-21.921103","26.389757"
"era-707","10.543094","-21.988964","21.838963","-13.217987","-25.456236","26.450941","9.017679","-21.926435","26.397898"
"era-708","10.547871","-21.997873","21.847073","-13.224562","-25.469738","26.464651","9.019631","-21.931763","26.406029"
"era-709","10.55264","-22.006771","21.855185","-13.2311325","-25.483234","26.478357","9.021584","-21.937077","26.414162"
"era-710","10.557409","-22.015665","21.86328","-13.237704","-25.496727","26.492065","9.02353","-21.942394","26.422293"
"era-711","10.562171","-22.024551","21.871376","-13.244282","-25.51021","26.505766","9.025476","-21.9477","26.430424"
"era-712","10.566929","-22.033432","21.87947","-13.250862","-25.523693","26.519468","9.02742","-21.95301","26.43855"
"era-713","10.571686","-22.042309","21.887564","-13.257436","-25.53717","26.533169","9.029363","-21.958307","26.446674"
"era-714","10.57644","-22.05118","21.895653","-13.26401","-25.55065","26.546865","9.0313015","-21.9636","26.45479"
"era-715","10.581191","-22.060047","21.903738","-13.270584","-25.564117","26.560562","9.033237","-21.968893","26.462912"
"era-716","10.585934","-22.068901","21.911816","-13.2771635","-25.577587","26.574251","9.03517","-21.974176","26.471027"
"era-717","10.590675","-22.077751","21.919886","-13.283738","-25.59105","26.587946","9.037101","-21.979458","26.479141"
"era-718","10.595411","-22.086594","21.927954","-13.29032","-25.604511","26.601643","9.039025","-21.984726","26.487257"
"era-719","10.600144","-22.09543","21.93602","-13.2969","-25.617966","26.615326","9.040948","-21.990004","26.495369"
"era-720","10.604871","-22.104263","21.944084","-13.303478","-25.631416","26.629019","9.042867","-21.995274","26.503479"
"era-721","10.609597","-22.113094","21.952139","-13.310061","-25.64486","26.642698","9.044779","-22.000538","26.511585"
"era-722","10.614322","-22.121916","21.960192","-13.316641","-25.658306","26.65638","9.046694","-22.005787","26.519691"
"era-723","10.619052","-22.130741","21.96824","-13.323225","-25.671741","26.670063","9.048601","-22.011036","26.527792"
"era-724","10.62377","-22.139555","21.976288","-13.329809","-25.685175","26.68374","9.05051","-22.01628","26.535896"
"era-725","10.628487","-22.148367","21.98433","-13.336392","-25.698603","26.697422","9.05242","-22.021519","26.543991"
"era-726","10.633194","-22.157162","21.992363","-13.342978","-25.712029","26.711092","9.05432","-22.026764","26.552094"
"era-727","10.637899","-22.165956","22.000402","-13.349559","-25.725447","26.724766","9.056221","-22.031996","26.560186"
"era-728","10.642603","-22.174746","22.008432","-13.356145","-25.73886","26.738438","9.058115","-22.037228","26.568281"
"era-729","10.647302","-22.18353","22.016459","-13.362736","-25.752277","26.752113","9.06001","-22.042458","26.576376"
"era-730","10.652004","-22.192314","22.024483","-13.369326","-25.765684","26.765789","9.061901","-22.047678","26.584469"
"era-731","10.656698","-22.201088","22.032503","-13.375916","-25.779085","26.779457","9.06379","-22.052893","26.592558"
"era-732","10.661387","-22.209852","22.040514","-13.382507","-25.792486","26.793123","9.065673","-22.058107","26.600649"
"era-733","10.66607","-22.218609","22.048523","-13.389099","-25.805878","26.806791","9.067555","-22.063313","26.608738"
"era-734","10.670753","-22.227364","22.056534","-13.395696","-25.819263","26.820456","9.069436","-22.068516","26.61683"
"era-735","10.675433","-22.236115","22.064533","-13.402291","-25.832642","26.83412","9.071313","-22.073708","26.62492"
"era-736","10.680108","-22.244856","22.072535","-13.408888","-25.84602","26.847786","9.073185","-22.078903","26.633005"
"era-737","10.684776","-22.253593","22.080523","-13.415488","-25.859386","26.861443","9.075052","-22.08409","26.641092"
"era-738","10.6894455","-22.262323","22.088514","-13.422092","-25.872744","26.875101","9.076919","-22.089266","26.649178"
"era-739","10.694111","-22.271048","22.096495","-13.428694","-25.886093","26.888756","9.078784","-22.094442","26.657259"
"era-740","10.698772","-22.279768","22.104475","-13.435297","-25.89944","26.902409","9.0806465","-22.099613","26.665337"
"era-741","10.703433","-22.288486","22.112455","-13.441894","-25.912786","26.916063","9.082502","-22.104784","26.67342"
"era-742","10.70809","-22.2972","22.120436","-13.4485","-25.926115","26.929707","9.084359","-22.109951","26.681503"
"era-743","10.712746","-22.30591","22.128408","-13.455106","-25.939444","26.943357","9.086208","-22.115108","26.68959"
"era-744","10.717391","-22.314606","22.136374","-13.461711","-25.952768","26.957003","9.088057","-22.120266","26.697674"
"era-745","10.722036","-22.323301","22.144337","-13.468324","-25.966084","26.97065","9.089902","-22.12542","26.705753"
"era-746","10.726676","-22.331987","22.152302","-13.47493","-25.979399","26.984293","9.091743","-22.130566","26.713835"
"era-747","10.731313","-22.340673","22.160263","-13.481542","-25.992706","26.997936","9.093582","-22.135712","26.721924"
"era-748","10.7359495","-22.349358","22.168222","-13.488152","-26.006002","27.011576","9.095416","-22.140854","26.730007"
"era-749","10.740583","-22.358034","22.176178","-13.494772","-26.019293","27.025215","9.097248","-22.146","26.73809"
"era-750","10.745212","-22.366701","22.184124","-13.501388","-26.03257","27.038855","9.099073","-22.15112","26.746174"
"era-751","10.749836","-22.375364","22.192062","-13.508007","-26.045837","27.052486","9.100895","-22.156246","26.754265"
"era-752","10.754459","-22.384024","22.200005","-13.514622","-26.059109","27.066113","9.102717","-22.161364","26.762356"
"era-753","10.759076","-22.392675","22.207935","-13.521241","-26.07236","27.079744","9.10453","-22.166477","26.770447"
"era-754","10.763694","-22.40133","22.215876","-13.527866","-26.085613","27.093374","9.106342","-22.171597","26.77854"
"era-755","10.768309","-22.409973","22.223804","-13.534491","-26.098846","27.107002","9.108153","-22.176702","26.786634"
"era-756","10.772917","-22.418613","22.231733","-13.541116","-26.112078","27.120625","9.10996","-22.181808","26.794725"
"era-757","10.777524","-22.427248","22.239655","-13.547749","-26.1253","27.134247","9.111763","-22.186907","26.80282"
"era-758","10.78213","-22.435879","22.247578","-13.554374","-26.13851","27.147865","9.113565","-22.192005","26.810925"
"era-759","10.78673","-22.444506","22.255497","-13.5610075","-26.151722","27.161488","9.115363","-22.197096","26.819023"
"era-760","10.791326","-22.453125","22.263416","-13.567648","-26.164923","27.175108","9.117156","-22.202183","26.827126"
"era-761","10.795914","-22.461735","22.271332","-13.57428","-26.178114","27.188726","9.118945","-22.20726","26.835236"
"era-762","10.800504","-22.470348","22.279247","-13.580924","-26.191298","27.202343","9.120729","-22.212337","26.843348"
"era-763","10.805092","-22.47895","22.287148","-13.587563","-26.204466","27.215956","9.122507","-22.217415","26.851463"
"era-764","10.809673","-22.48755","22.295046","-13.594203","-26.21763","27.229568","9.124281","-22.222486","26.859575"
"era-765","10.81426","-22.496151","22.302942","-13.600846","-26.230783","27.243177","9.126052","-22.227554","26.867691"
"era-766","10.8188305","-22.50474","22.31084","-13.607492","-26.243921","27.256788","9.127821","-22.232618","26.875807"
"era-767","10.823406","-22.513325","22.318733","-13.61414","-26.25705","27.270395","9.129587","-22.23768","26.883928"
"era-768","10.827975","-22.521904","22.326624","-13.6207905","-26.270172","27.283995","9.13135","-22.242735","26.89205"
"era-769","10.832542","-22.530483","22.334515","-13.627436","-26.283283","27.297598","9.13311","-22.247797","26.900177"
"era-770","10.837103","-22.539051","22.342392","-13.634088","-26.296381","27.311195","9.134866","-22.252857","26.90831"
"era-771","10.8416605","-22.547611","22.350266","-13.640747","-26.309471","27.324795","9.136618","-22.25792","26.916441"
"era-772","10.846217","-22.556171","22.35814","-13.647403","-26.322552","27.338392","9.138367","-22.262962","26.924583"
"era-773","10.85077","-22.564726","22.366009","-13.654066","-26.335613","27.351986","9.140113","-22.268017","26.932734"
"era-774","10.855322","-22.573273","22.373869","-13.660728","-26.348661","27.36558","9.141858","-22.27306","26.940876"
"era-775","10.859866","-22.581816","22.381731","-13.667393","-26.361702","27.379173","9.143599","-22.278097","26.949028"
"era-776","10.864412","-22.590357","22.389587","-13.674059","-26.374735","27.39276","9.145334","-22.283134","26.957191"
"era-777","10.868954","-22.59889","22.39744","-13.680727","-26.387747","27.40634","9.14706","-22.288157","26.965357"
"era-778","10.873491","-22.607426","22.405294","-13.687398","-26.400745","27.41992","9.148784","-22.29318","26.973522"
"era-779","10.878031","-22.61596","22.41315","-13.694064","-26.41373","27.433504","9.150513","-22.2982","26.981693"
"era-780","10.882561","-22.624474","22.420992","-13.700739","-26.426708","27.447075","9.152237","-22.303226","26.989866"
"era-781","10.887087","-22.632986","22.428823","-13.707418","-26.439665","27.46065","9.153957","-22.308235","26.998043"
"era-782","10.891614","-22.641495","22.43666","-13.714094","-26.452614","27.474226","9.155676","-22.313255","27.00623"
"era-783","10.896133","-22.649996","22.444498","-13.720774","-26.465551","27.487797","9.1573925","-22.318264","27.014414"
"era-784","10.900648","-22.658497","22.452326","-13.727457","-26.478474","27.501364","9.159101","-22.323286","27.022606"
"era-785","10.905164","-22.666994","22.460157","-13.734141","-26.491373","27.514923","9.160806","-22.32829","27.030806"
"era-786","10.909674","-22.675482","22.467983","-13.74083","-26.504263","27.528492","9.162503","-22.333292","27.039005"
"era-787","10.914179","-22.683968","22.475807","-13.747519","-26.517134","27.542051","9.164196","-22.338295","27.047213"
"era-788","10.918683","-22.692448","22.483627","-13.754206","-26.529999","27.555613","9.165886","-22.343292","27.055426"
"era-789","10.923184","-22.700928","22.491444","-13.760899","-26.542852","27.569172","9.167572","-22.34829","27.063646"
"era-790","10.927681","-22.709398","22.499256","-13.767593","-26.55568","27.582727","9.16926","-22.353281","27.071877"
"era-791","10.932173","-22.717863","22.507063","-13.774293","-26.568487","27.596277","9.17094","-22.358267","27.080107"
"era-792","10.936663","-22.726318","22.51486","-13.7809925","-26.581287","27.609827","9.172617","-22.363245","27.08834"
"era-793","10.941152","-22.734776","22.522661","-13.787692","-26.594065","27.623375","9.174289","-22.36823","27.096582"
"era-794","10.945634","-22.743227","22.53046","-13.79439","-26.606825","27.636913","9.17596","-22.373215","27.104834"
"era-795","10.950113","-22.751673","22.538252","-13.80109","-26.619566","27.650452","9.177624","-22.378197","27.11309"
"era-796","10.95459","-22.760115","22.546047","-13.8077965","-26.632282","27.663982","9.179287","-22.383179","27.121353"
"era-797","10.959062","-22.768547","22.553835","-13.814503","-26.644987","27.677517","9.180944","-22.38815","27.129622"
"era-798","10.963537","-22.776983","22.561613","-13.821204","-26.65767","27.69104","9.1826","-22.39312","27.137897"
"era-799","10.968005","-22.785414","22.569399","-13.827913","-26.67033","27.704561","9.184257","-22.398087","27.146185"
"era-800","10.972468","-22.793837","22.577179","-13.834618","-26.682976","27.71808","9.1859045","-22.40305","27.15448"
"era-801","10.976933","-22.802261","22.584963","-13.841328","-26.6956","27.731592","9.187548","-22.408009","27.162775"
"era-802","10.981395","-22.810682","22.592737","-13.848034","-26.7082","27.745104","9.189185","-22.412964","27.171082"
"era-803","10.985851","-22.819096","22.600513","-13.854746","-26.72079","27.758614","9.190824","-22.417913","27.179392"
"era-804","10.990301","-22.827496","22.60828","-13.861453","-26.73335","27.772114","9.192457","-22.422865","27.187714"
"era-805","10.994749","-22.835901","22.61605","-13.868161","-26.745895","27.78562","9.194089","-22.42781","27.196043"
"era-806","10.999195","-22.844301","22.623816","-13.874873","-26.758419","27.799116","9.195717","-22.432768","27.204384"
"era-807","11.00364","-22.852695","22.631577","-13.881582","-26.770922","27.812609","9.19734","-22.437714","27.212732"
"era-808","11.008079","-22.861084","22.639332","-13.888294","-26.7834","27.826094","9.198965","-22.442656","27.221092"
"era-809","11.012522","-22.869474","22.64708","-13.894998","-26.795856","27.83957","9.200583","-22.447592","27.229456"
"era-810","11.016959","-22.87786","22.654829","-13.901704","-26.808287","27.853048","9.202197","-22.452528","27.237823"
"era-811","11.021394","-22.88624","22.662582","-13.908412","-26.820698","27.86652","9.203812","-22.457462","27.246204"
"era-812","11.025821","-22.894613","22.670328","-13.915118","-26.833088","27.879992","9.205422","-22.4624","27.254591"
"era-813","11.030246","-22.902983","22.67807","-13.9218235","-26.845451","27.893452","9.207025","-22.467337","27.262989"
"era-814","11.034669","-22.911354","22.685816","-13.928523","-26.85779","27.906908","9.208626","-22.47227","27.271397"
"era-815","11.039087","-22.919714","22.693552","-13.935225","-26.870104","27.920362","9.21022","-22.477201","27.279812"
"era-816","11.043505","-22.928072","22.701283","-13.941921","-26.882387","27.933805","9.211802","-22.482119","27.288237"
"era-817","11.047916","-22.936424","22.709019","-13.948614","-26.894653","27.947243","9.21339","-22.48704","27.296673"
"era-818","11.052325","-22.944773","22.716747","-13.955305","-26.90689","27.960674","9.214975","-22.491959","27.305115"
"era-819","11.056732","-22.953115","22.724472","-13.961993","-26.919102","27.9741","9.2165575","-22.496878","27.313566"
"era-820","11.061133","-22.961454","22.732191","-13.968669","-26.931286","27.987513","9.218135","-22.501795","27.322023"
"era-821","11.065534","-22.969791","22.739914","-13.975348","-26.943447","28.000921","9.219711","-22.5067","27.33049"
"era-822","11.069927","-22.97812","22.747639","-13.9820175","-26.955584","28.01432","9.221288","-22.511602","27.33897"
"era-823","11.074326","-22.98645","22.755354","-13.988686","-26.967697","28.027718","9.2228565","-22.516502","27.347462"
"era-824","11.078717","-22.994774","22.763058","-13.995351","-26.979784","28.041103","9.224428","-22.521414","27.35596"
"era-825","11.08311","-23.0031","22.770763","-14.002001","-26.991844","28.05448","9.225996","-22.52632","27.364468"
"era-826","11.087497","-23.011417","22.778467","-14.008648","-27.003881","28.06785","9.227552","-22.53122","27.372976"
"era-827","11.091879","-23.019726","22.786167","-14.0152855","-27.015892","28.081211","9.229114","-22.53612","27.3815"
"era-828","11.09626","-23.028036","22.793863","-14.021915","-27.027868","28.094555","9.230668","-22.541012","27.390036"
"era-829","11.100635","-23.036335","22.801561","-14.0285425","-27.039822","28.107895","9.2322235","-22.545908","27.39858"
"era-830","11.105008","-23.044638","22.809252","-14.03516","-27.051743","28.121227","9.233771","-22.55079","27.40713"
"era-831","11.109383","-23.052935","22.816936","-14.041768","-27.063646","28.134548","9.235322","-22.555677","27.415693"
"era-832","11.113752","-23.061224","22.824621","-14.048371","-27.07552","28.147858","9.236867","-22.560549","27.42427"
"era-833","11.1181135","-23.069506","22.832302","-14.054958","-27.08737","28.161154","9.238408","-22.565416","27.432854"
"era-834","11.12247","-23.077782","22.839985","-14.061538","-27.099194","28.174437","9.239953","-22.57028","27.441448"
"era-835","11.126829","-23.086061","22.847662","-14.068104","-27.11099","28.187708","9.241493","-22.575142","27.45005"
"era-836","11.131185","-23.094334","22.855341","-14.074667","-27.122763","28.200974","9.243032","-22.580006","27.458658"
"era-837","11.135538","-23.102606","22.863012","-14.081213","-27.134506","28.21423","9.244569","-22.584858","27.46728"
"era-838","11.139888","-23.11087","22.870682","-14.087751","-27.146227","28.227465","9.246093","-22.589708","27.475906"
"era-839","11.144237","-23.119131","22.87835","-14.094275","-27.157917","28.240692","9.247623","-22.594557","27.484547"
"era-840","11.148581","-23.12739","22.88601","-14.100786","-27.169577","28.253904","9.24915","-22.599405","27.493198"
"era-841","11.1529255","-23.13565","22.893675","-14.107283","-27.181223","28.267101","9.250677","-22.604246","27.501858"
"era-842","11.157266","-23.143904","22.901337","-14.113763","-27.192837","28.280281","9.252198","-22.609093","27.510527"
"era-843","11.161605","-23.152157","22.908997","-14.120232","-27.204432","28.29345","9.253716","-22.613932","27.519203"
"era-844","11.165939","-23.1604","22.916649","-14.126682","-27.216003","28.306597","9.255233","-22.61876","27.527885"
"era-845","11.17027","-23.16864","22.9243","-14.133117","-27.227549","28.319727","9.256753","-22.623587","27.53658"
"era-846","11.174597","-23.176872","22.931955","-14.13954","-27.23907","28.33284","9.258271","-22.628408","27.545275"
"era-847","11.178923","-23.185106","22.9396","-14.14595","-27.250565","28.345943","9.259788","-22.633223","27.553986"
"era-848","11.183249","-23.193335","22.94724","-14.152338","-27.26204","28.359026","9.261306","-22.638033","27.562704"
"era-849","11.187572","-23.201563","22.954876","-14.1587105","-27.273487","28.372086","9.262816","-22.64284","27.57142"
"era-850","11.191894","-23.209784","22.962511","-14.16507","-27.284916","28.385132","9.26433","-22.64764","27.580153"
"era-851","11.196207","-23.218002","22.97015","-14.17141","-27.296324","28.398153","9.26584","-22.652428","27.588888"
"era-852","11.200521","-23.226215","22.977785","-14.177732","-27.30771","28.41116","9.267351","-22.657225","27.597637"
"era-853","11.204831","-23.234423","22.985413","-14.184036","-27.31907","28.42414","9.268858","-22.662008","27.606388"
"era-854","11.209142","-23.24263","22.993042","-14.190321","-27.330412","28.437107","9.270366","-22.666794","27.615149"
"era-855","11.213447","-23.250834","23.000668","-14.196595","-27.341724","28.450052","9.271873","-22.671576","27.62392"
"era-856","11.217751","-23.259031","23.00829","-14.202848","-27.35302","28.462973","9.273377","-22.676357","27.632696"
"era-857","11.2220545","-23.267225","23.015907","-14.209083","-27.364292","28.475872","9.274887","-22.68113","27.641481"
"era-858","11.226354","-23.275415","23.02352","-14.215299","-27.375551","28.48875","9.276393","-22.6859","27.65027"
"era-859","11.230651","-23.283602","23.03113","-14.221497","-27.386787","28.501606","9.277897","-22.690666","27.659065"
"era-860","11.234942","-23.29178","23.038738","-14.2276745","-27.398005","28.514435","9.279402","-22.69543","27.66786"
"era-861","11.23923","-23.299953","23.04634","-14.23383","-27.409203","28.527239","9.280907","-22.700176","27.676664"
"era-862","11.243523","-23.308134","23.053944","-14.239973","-27.420374","28.54002","9.282406","-22.704918","27.685472"
"era-863","11.247814","-23.316307","23.06154","-14.246095","-27.43153","28.55278","9.283909","-22.709663","27.694283"
"era-864","11.252101","-23.324474","23.06914","-14.2522","-27.442665","28.565512","9.285405","-22.714397","27.703102"
"era-865","11.256382","-23.332642","23.076742","-14.258287","-27.453781","28.578222","9.286908","-22.719131","27.711935"
"era-866","11.260667","-23.340805","23.084335","-14.264346","-27.464884","28.590902","9.28841","-22.723867","27.720762"
"era-867","11.264945","-23.348963","23.091927","-14.270397","-27.475964","28.60356","9.2899065","-22.72859","27.729593"
"era-868","11.269223","-23.357117","23.099516","-14.276426","-27.487024","28.616184","9.2914095","-22.733313","27.738426"
"era-869","11.273495","-23.365261","23.107096","-14.28244","-27.498068","28.628782","9.2929125","-22.738028","27.74726"
"era-870","11.277766","-23.373405","23.11468","-14.288432","-27.509089","28.64136","9.294413","-22.742739","27.756104"
"era-871","11.28204","-23.381548","23.122255","-14.294407","-27.520094","28.653906","9.295914","-22.747444","27.764946"
"era-872","11.286306","-23.38968","23.12983","-14.300361","-27.53108","28.666424","9.297409","-22.752132","27.773787"
"era-873","11.290573","-23.397818","23.1374","-14.306295","-27.542057","28.678905","9.298904","-22.756832","27.782633"
"era-874","11.294839","-23.405949","23.14497","-14.312212","-27.553017","28.691364","9.300397","-22.761513","27.791477"
"era-875","11.299101","-23.414078","23.152533","-14.318107","-27.563951","28.703793","9.301891","-22.766197","27.800323"
"era-876","11.30336","-23.422197","23.160097","-14.323992","-27.574867","28.716188","9.303386","-22.770874","27.809172"
"era-877","11.307616","-23.430317","23.167658","-14.32986","-27.585768","28.728565","9.30488","-22.77555","27.818024"
"era-878","11.311872","-23.438433","23.175217","-14.335705","-27.596647","28.740906","9.306369","-22.78022","27.826872"
"era-879","11.316125","-23.446545","23.182777","-14.341535","-27.607513","28.753208","9.307862","-22.784883","27.83572"
"era-880","11.320378","-23.454653","23.19033","-14.3473425","-27.61836","28.765486","9.30936","-22.789536","27.844566"
"era-881","11.324633","-23.462765","23.197878","-14.353139","-27.629194","28.777729","9.310852","-22.794197","27.853413"
"era-882","11.328883","-23.470867","23.205421","-14.358914","-27.639997","28.78994","9.312342","-22.798845","27.86226"
"era-883","11.333132","-23.478966","23.212955","-14.364676","-27.65079","28.802114","9.313831","-22.803488","27.871098"
"era-884","11.337375","-23.48706","23.220495","-14.370419","-27.661564","28.81426","9.31532","-22.808123","27.879946"
"era-885","11.3416195","-23.495155","23.228039","-14.376146","-27.672316","28.826372","9.3168125","-22.812763","27.888794"
"era-886","11.345862","-23.503242","23.235577","-14.381852","-27.683052","28.838446","9.318299","-22.817394","27.897633"
"era-887","11.3501005","-23.511328","23.243114","-14.387547","-27.693764","28.850487","9.319785","-22.822008","27.906467"
"era-888","11.354335","-23.51941","23.250647","-14.393226","-27.704464","28.8625","9.32127","-22.826628","27.915298"
"era-889","11.35857","-23.52748","23.25817","-14.398895","-27.715145","28.874474","9.322755","-22.831245","27.924131"
"era-890","11.362804","-23.535557","23.26569","-14.40454","-27.725805","28.88642","9.324235","-22.835857","27.932959"
"era-891","11.367036","-23.543627","23.27321","-14.410174","-27.736446","28.898325","9.325719","-22.840462","27.941786"
"era-892","11.371263","-23.551693","23.280731","-14.415794","-27.747063","28.9102","9.3272","-22.845066","27.950603"
"era-893","11.375486","-23.559748","23.288248","-14.421402","-27.757666","28.922035","9.328681","-22.84966","27.95942"
"era-894","11.379712","-23.567804","23.295757","-14.426994","-27.768246","28.93383","9.33016","-22.85425","27.968231"
"era-895","11.383936","-23.57586","23.303265","-14.432568","-27.77881","28.945599","9.331642","-22.85884","27.977034"
"era-896","11.388157","-23.583906","23.31077","-14.438132","-27.78935","28.957321","9.333123","-22.863428","27.985836"
"era-897","11.392377","-23.591953","23.31827","-14.4436865","-27.799868","28.969017","9.334601","-22.868004","27.994635"
"era-898","11.396595","-23.599998","23.325771","-14.44922","-27.810364","28.98067","9.336079","-22.872581","28.003428"
"era-899","11.400811","-23.608036","23.333273","-14.454747","-27.82084","28.992287","9.337551","-22.877148","28.012209"
"era-900","11.405029","-23.616077","23.340765","-14.46026","-27.831295","29.00387","9.339029","-22.881714","28.020983"
"era-901","11.409246","-23.624113","23.34826","-14.46576","-27.841734","29.015408","9.3405075","-22.886278","28.029749"
"era-902","11.413461","-23.632147","23.355747","-14.471249","-27.852144","29.026918","9.341984","-22.89084","28.038507"
"era-903","11.417672","-23.640171","23.363234","-14.476727","-27.862537","29.038382","9.343461","-22.89539","28.047256"
"era-904","11.42188","-23.648197","23.370724","-14.482193","-27.8729","29.049809","9.3449335","-22.899939","28.055998"
"era-905","11.426092","-23.656216","23.378206","-14.487649","-27.883238","29.061209","9.346406","-22.904476","28.064735"
"era-906","11.430294","-23.664232","23.385689","-14.493098","-27.893559","29.072565","9.34788","-22.909014","28.073462"
"era-907","11.434504","-23.672253","23.393167","-14.498531","-27.90385","29.083883","9.349349","-22.913546","28.08218"
"era-908","11.43871","-23.680262","23.400646","-14.50396","-27.914127","29.095161","9.350817","-22.91807","28.090887"
"era-909","11.44291","-23.68827","23.40812","-14.509377","-27.924366","29.10641","9.352285","-22.922596","28.099586"
"era-910","11.447114","-23.696276","23.41559","-14.514786","-27.93459","29.117619","9.353752","-22.927105","28.108286"
"era-911","11.451315","-23.704275","23.423052","-14.52019","-27.944782","29.128792","9.355221","-22.931622","28.11697"
"era-912","11.45551","-23.712267","23.430515","-14.525581","-27.954954","29.13993","9.3566885","-22.93613","28.125647"
"era-913","11.45971","-23.720263","23.437973","-14.530963","-27.9651","29.151026","9.358151","-22.94063","28.134317"
"era-914","11.463908","-23.728252","23.445429","-14.536337","-27.975222","29.162085","9.359612","-22.945124","28.142973"
"era-915","11.4681","-23.736235","23.45288","-14.541705","-27.985312","29.173115","9.361074","-22.949625","28.15162"
"era-916","11.472287","-23.74421","23.46033","-14.547066","-27.99537","29.184105","9.362535","-22.954115","28.160252"
"era-917","11.47648","-23.752186","23.467777","-14.552419","-28.005411","29.195059","9.363995","-22.958595","28.168875"
"era-918","11.480668","-23.76016","23.47522","-14.557758","-28.015423","29.205976","9.365453","-22.96308","28.177488"
"era-919","11.484861","-23.768135","23.482666","-14.563094","-28.025406","29.216856","9.366913","-22.967548","28.186087"
"era-920","11.489048","-23.776094","23.490103","-14.568424","-28.035368","29.227705","9.368374","-22.972013","28.19468"
"era-921","11.493237","-23.78406","23.497541","-14.573745","-28.045298","29.23852","9.36983","-22.976479","28.20326"
"era-922","11.497418","-23.792015","23.504974","-14.57906","-28.055199","29.2493","9.37129","-22.980934","28.211832"
"era-923","11.501603","-23.79997","23.51241","-14.584364","-28.065071","29.26004","9.372745","-22.985388","28.22039"
"era-924","11.505789","-23.80792","23.519838","-14.589664","-28.07492","29.27076","9.374201","-22.989838","28.228933"
"era-925","11.509969","-23.81587","23.527267","-14.5949545","-28.08474","29.281437","9.375656","-22.994286","28.23746"
"era-926","11.514148","-23.823814","23.534695","-14.600243","-28.094526","29.29209","9.3771105","-22.998726","28.245975"
"era-927","11.518329","-23.831757","23.542109","-14.605524","-28.104288","29.302711","9.378565","-23.003162","28.254482"
"era-928","11.522511","-23.839693","23.549528","-14.610798","-28.114023","29.313301","9.380016","-23.007591","28.262972"
"era-929","11.526689","-23.847628","23.556944","-14.616066","-28.123734","29.323866","9.381468","-23.012014","28.271452"
"era-930","11.530868","-23.85556","23.564352","-14.621322","-28.133425","29.334398","9.38292","-23.016432","28.279919"
"era-931","11.535044","-23.863485","23.571762","-14.626578","-28.14308","29.344908","9.384371","-23.02085","28.288372"
"era-932","11.539221","-23.871408","23.579168","-14.631825","-28.152716","29.355389","9.385823","-23.02526","28.29681"
"era-933","11.543395","-23.879324","23.586569","-14.637061","-28.162321","29.36584","9.38728","-23.029667","28.305235"
"era-934","11.547566","-23.887234","23.593966","-14.642294","-28.171907","29.376266","9.388729","-23.034073","28.31364"
"era-935","11.551742","-23.895147","23.60136","-14.647523","-28.181461","29.386675","9.390176","-23.038462","28.322031"
"era-936","11.555909","-23.903053","23.608755","-14.6527405","-28.191","29.39705","9.391621","-23.042849","28.330414"
"era-937","11.560082","-23.910954","23.616146","-14.657958","-28.200508","29.40741","9.393071","-23.04723","28.33878"
"era-938","11.564251","-23.918854","23.623535","-14.663162","-28.209995","29.417744","9.394521","-23.051609","28.347124"
"era-939","11.568421","-23.92675","23.630919","-14.668366","-28.219458","29.428059","9.395969","-23.055986","28.355457"
"era-940","11.572591","-23.93464","23.638304","-14.673565","-28.228893","29.438353","9.397417","-23.060354","28.36378"
"era-941","11.576759","-23.94253","23.645681","-14.678758","-28.238306","29.448627","9.398866","-23.064714","28.372084"
"era-942","11.580928","-23.950415","23.653055","-14.68394","-28.247702","29.458878","9.400314","-23.069082","28.380371"
"era-943","11.585093","-23.958296","23.660429","-14.689123","-28.257072","29.469112","9.401765","-23.073439","28.388653"
"era-944","11.589259","-23.966175","23.667805","-14.694297","-28.266428","29.47933","9.40321","-23.077787","28.396912"
"era-945","11.593422","-23.974043","23.675169","-14.6994705","-28.275757","29.48953","9.40466","-23.082138","28.405151"
"era-946","11.597584","-23.98191","23.682531","-14.704638","-28.28507","29.49972","9.406104","-23.086481","28.413376"
"era-947","11.601749","-23.989777","23.68989","-14.709806","-28.294365","29.509895","9.407546","-23.090813","28.421587"
"era-948","11.605911","-23.997639","23.697248","-14.71497","-28.303638","29.520054","9.40899","-23.09515","28.429775"
"era-949","11.61007","-24.005495","23.704609","-14.720136","-28.312893","29.530201","9.410437","-23.099487","28.437952"
"era-950","11.61423","-24.013348","23.711958","-14.725295","-28.322126","29.54033","9.411877","-23.103813","28.446112"
"era-951","11.618392","-24.0212","23.719309","-14.730452","-28.331347","29.55045","9.41332","-23.108137","28.454258"
"era-952","11.622549","-24.029047","23.726664","-14.735614","-28.340548","29.560558","9.41476","-23.11245","28.462374"
"era-953","11.626703","-24.036888","23.734013","-14.740772","-28.349735","29.57066","9.4162","-23.116758","28.470478"
"era-954","11.630859","-24.044727","23.741356","-14.745937","-28.358906","29.580751","9.417637","-23.121069","28.478565"
"era-955","11.635012","-24.05256","23.748703","-14.751106","-28.368057","29.590834","9.419076","-23.125372","28.486631"
"era-956","11.639164","-24.060389","23.756042","-14.756274","-28.377188","29.600903","9.420518","-23.129671","28.494678"
"era-957","11.643322","-24.068218","23.76337","-14.761448","-28.386307","29.610964","9.421953","-23.133965","28.502703"
"era-958","11.647475","-24.076042","23.770702","-14.766631","-28.39541","29.621023","9.423392","-23.138256","28.51071"
"era-959","11.651629","-24.083864","23.778027","-14.771818","-28.404497","29.631073","9.424825","-23.142551","28.518694"
"era-960","11.655782","-24.091688","23.785349","-14.777012","-28.413568","29.641119","9.426255","-23.146841","28.526665"
"era-961","11.65993","-24.099499","23.79267","-14.782217","-28.422634","29.651163","9.42768","-23.151123","28.53461"
"era-962","11.66408","-24.10731","23.799988","-14.787429","-28.43168","29.661201","9.429103","-23.1554","28.542536"
"era-963","11.668225","-24.115114","23.807304","-14.792649","-28.44071","29.671228","9.430531","-23.159681","28.550438"
"era-964","11.672367","-24.122913","23.814625","-14.797881","-28.449732","29.681255","9.431952","-23.163948","28.558317"
"era-965","11.676512","-24.130714","23.82194","-14.803136","-28.458735","29.691282","9.433373","-23.168215","28.566174"
"era-966","11.680657","-24.138514","23.829252","-14.808394","-28.467726","29.70131","9.434792","-23.172487","28.574009"
"era-967","11.6848","-24.146305","23.83656","-14.813672","-28.4767","29.711329","9.436208","-23.176743","28.58183"
"era-968","11.688941","-24.154095","23.84386","-14.81896","-28.485659","29.721354","9.437619","-23.181002","28.589624"
"era-969","11.693081","-24.16188","23.851162","-14.824271","-28.494608","29.731375","9.439032","-23.185255","28.597395"
"era-970","11.697221","-24.169666","23.858456","-14.829594","-28.503546","29.741394","9.44044","-23.189512","28.605139"
"era-971","11.701359","-24.177444","23.865747","-14.83493","-28.512476","29.75142","9.44185","-23.193762","28.61286"
"era-972","11.705493","-24.185219","23.873043","-14.840296","-28.521385","29.76144","9.443251","-23.198008","28.620554"
"era-973","11.709623","-24.192987","23.880331","-14.84567","-28.53028","29.77147","9.4446535","-23.20225","28.628233"
"era-974","11.713755","-24.200754","23.887617","-14.851066","-28.539162","29.781488","9.446055","-23.206497","28.635883"
"era-975","11.717883","-24.208515","23.894896","-14.856466","-28.548033","29.791517","9.447457","-23.21074","28.643515"
"era-976","11.722008","-24.216272","23.90218","-14.861894","-28.556894","29.801546","9.448858","-23.214977","28.651115"
"era-977","11.726133","-24.224026","23.90945","-14.867334","-28.565748","29.811577","9.450257","-23.21921","28.65869"
"era-978","11.730257","-24.23178","23.916729","-14.872797","-28.574583","29.82161","9.451652","-23.223452","28.666243"
"era-979","11.734381","-24.23953","23.923998","-14.878281","-28.583403","29.831642","9.453041","-23.227678","28.673769"
"era-980","11.738498","-24.247274","23.931263","-14.883761","-28.592215","29.841692","9.454431","-23.231897","28.681273"
"era-981","11.7426195","-24.255018","23.93853","-14.88927","-28.60102","29.851732","9.455819","-23.236116","28.688745"
"era-982","11.746735","-24.262758","23.94579","-14.89478","-28.60981","29.861776","9.457206","-23.240341","28.696194"
"era-983","11.750847","-24.270494","23.95305","-14.900316","-28.618591","29.871824","9.458591","-23.244555","28.703623"
"era-984","11.754958","-24.278225","23.960308","-14.905854","-28.627365","29.881882","9.459978","-23.248768","28.711023"
"era-985","11.7590685","-24.285952","23.967558","-14.911398","-28.636135","29.891941","9.461368","-23.25297","28.718397"
"era-986","11.763175","-24.293673","23.974808","-14.916945","-28.644903","29.902008","9.462758","-23.257174","28.725746"
"era-987","11.767277","-24.301392","23.982063","-14.922503","-28.653667","29.91207","9.464146","-23.26137","28.733078"
"era-988","11.771379","-24.30911","23.989317","-14.928075","-28.662422","29.92213","9.46553","-23.26557","28.74038"
"era-989","11.775479","-24.316822","23.996561","-14.933647","-28.671165","29.932201","9.466918","-23.269749","28.74765"
"era-990","11.779581","-24.324535","24.003803","-14.939219","-28.679907","29.942278","9.468307","-23.273935","28.7549"
"era-991","11.78368","-24.332243","24.011042","-14.94479","-28.68865","29.952354","9.4697","-23.278114","28.762127"
"era-992","11.787774","-24.339943","24.018276","-14.950361","-28.69739","29.962431","9.47109","-23.282284","28.769327"
"era-993","11.791871","-24.347647","24.025503","-14.955934","-28.706131","29.97251","9.472487","-23.286453","28.776505"
"era-994","11.795964","-24.355347","24.03273","-14.961493","-28.714874","29.982595","9.473884","-23.290615","28.783653"
"era-995","11.800058","-24.363037","24.03995","-14.967054","-28.723616","29.992678","9.475283","-23.294765","28.79078"
"era-996","11.804146","-24.370722","24.047165","-14.972617","-28.732359","30.00276","9.476685","-23.298916","28.797874"
"era-997","11.808231","-24.3784","24.05438","-14.97817","-28.741104","30.012846","9.478088","-23.303047","28.804953"
"era-998","11.812318","-24.386084","24.061596","-14.98371","-28.749855","30.022938","9.479499","-23.307175","28.812002"
"era-999","11.816399","-24.393755","24.068804","-14.989245","-28.758606","30.033022","9.480907","-23.311295","28.81903"
"era-1000","11.82048","-24.40143","24.076015","-14.994775","-28.767363","30.043104","9.482318","-23.315405","28.826035"
"era-1001","11.824561","-24.409103","24.08323","-15.000292","-28.776123","30.053186","9.483738","-23.319517","28.833012"
"era-1002","11.828642","-24.416775","24.09044","-15.0058","-28.784895","30.063269","9.485157","-23.32362","28.83997"
"era-1003","11.832721","-24.424442","24.097643","-15.011293","-28.793665","30.073359","9.48658","-23.327707","28.8469"
"era-1004","11.8368","-24.432102","24.104837","-15.01678","-28.802446","30.083443","9.488003","-23.33179","28.853804"
"era-1005","11.840876","-24.43976","24.112036","-15.022258","-28.81123","30.093523","9.4894285","-23.335865","28.860687"
"era-1006","11.844947","-24.447412","24.119234","-15.027726","-28.820017","30.103605","9.49086","-23.339933","28.867548"
"era-1007","11.849019","-24.455067","24.12643","-15.033175","-28.828817","30.113688","9.492296","-23.343992","28.87438"
"era-1008","11.853092","-24.46272","24.13362","-15.038615","-28.83762","30.123768","9.493728","-23.348038","28.881191"
"era-1009","11.857164","-24.470364","24.140802","-15.044046","-28.846434","30.133835","9.49517","-23.352076","28.88798"
"era-1010","11.861234","-24.478004","24.147984","-15.049454","-28.855247","30.14391","9.496613","-23.356113","28.894745"
"era-1011","11.865302","-24.485643","24.155163","-15.054863","-28.864073","30.153976","9.498061","-23.360142","28.901482"
"era-1012","11.869367","-24.493277","24.162336","-15.06025","-28.872896","30.164043","9.499506","-23.364159","28.9082"
"era-1013","11.873431","-24.500906","24.169506","-15.065624","-28.881733","30.174109","9.500959","-23.368174","28.914894"
"era-1014","11.877495","-24.508533","24.176678","-15.070984","-28.890577","30.184168","9.50241","-23.37217","28.921562"
"era-1015","11.881553","-24.516157","24.183851","-15.076329","-28.899427","30.194225","9.503866","-23.37617","28.928204"
"era-1016","11.885613","-24.523779","24.19102","-15.081663","-28.908289","30.20428","9.505325","-23.380157","28.93483"
"era-1017","11.889671","-24.531393","24.198181","-15.086983","-28.917154","30.214329","9.50679","-23.38413","28.941427"
"era-1018","11.893727","-24.539007","24.205345","-15.09229","-28.926025","30.224371","9.50826","-23.38811","28.948"
"era-1019","11.897779","-24.546614","24.212503","-15.097579","-28.934912","30.234417","9.5097275","-23.392067","28.95455"
"era-1020","11.901834","-24.554218","24.219658","-15.102863","-28.94381","30.244455","9.511193","-23.396017","28.961073"
"era-1021","11.905881","-24.561817","24.226814","-15.108132","-28.952703","30.25449","9.512662","-23.399971","28.967573"
"era-1022","11.909931","-24.569418","24.23397","-15.113379","-28.961603","30.264526","9.514139","-23.403908","28.974052"
"era-1023","11.91398","-24.577013","24.241114","-15.118616","-28.970516","30.274551","9.515618","-23.407846","28.980516"
"era-1024","11.918026","-24.584606","24.24826","-15.123839","-28.979431","30.28457","9.5170965","-23.411776","28.98695"
"era-1025","11.922073","-24.5922","24.255407","-15.129053","-28.988354","30.294594","9.518579","-23.415693","28.993359"
"era-1026","11.926121","-24.599789","24.262548","-15.134244","-28.997278","30.304604","9.520064","-23.419605","28.999746"
"era-1027","11.930166","-24.607374","24.269688","-15.139429","-29.006222","30.314611","9.521552","-23.423506","29.00611"
"era-1028","11.934209","-24.614952","24.276823","-15.144606","-29.01517","30.32462","9.523043","-23.4274","29.012451"
"era-1029","11.938248","-24.622526","24.283955","-15.149763","-29.024124","30.334621","9.524536","-23.43129","29.018766"
"era-1030","11.942288","-24.630096","24.291082","-15.154905","-29.033083","30.344616","9.526032","-23.435165","29.02507"
"era-1031","11.9463215","-24.637665","24.298206","-15.160042","-29.042046","30.354603","9.52753","-23.43904","29.031347"
"era-1032","11.95036","-24.645227","24.305328","-15.165154","-29.051014","30.364586","9.529035","-23.44291","29.037605"
"era-1033","11.954392","-24.65279","24.312456","-15.170264","-29.059994","30.374563","9.530539","-23.446772","29.043842"
"era-1034","11.9584255","-24.660349","24.31957","-15.175359","-29.06898","30.384544","9.532044","-23.450624","29.050056"
"era-1035","11.9624605","-24.667906","24.32669","-15.180441","-29.077969","30.394508","9.533553","-23.45447","29.056244"
"era-1036","11.966498","-24.675467","24.333797","-15.185509","-29.086962","30.40447","9.535064","-23.45831","29.062416"
"era-1037","11.970531","-24.683018","24.3409","-15.190567","-29.095959","30.414427","9.536575","-23.462147","29.068565"
"era-1038","11.974564","-24.690565","24.348","-15.195608","-29.104965","30.42438","9.53809","-23.465967","29.074694"
"era-1039","11.978597","-24.698114","24.355106","-15.200645","-29.113976","30.43432","9.539608","-23.46978","29.080797"
"era-1040","11.982624","-24.705656","24.362202","-15.205668","-29.12299","30.44426","9.54113","-23.47359","29.086893"
"era-1041","11.986653","-24.713194","24.369299","-15.210682","-29.132015","30.454199","9.542652","-23.47739","29.092964"
"era-1042","11.990677","-24.720728","24.376402","-15.215676","-29.14104","30.464117","9.544171","-23.481184","29.099007"
"era-1043","11.9946995","-24.728262","24.3835","-15.220664","-29.150074","30.47404","9.545702","-23.484974","29.105028"
"era-1044","11.998724","-24.735792","24.390596","-15.225646","-29.15911","30.483955","9.54723","-23.488756","29.111032"
"era-1045","12.002748","-24.74332","24.39769","-15.230614","-29.16815","30.493868","9.548758","-23.492529","29.117016"
"era-1046","12.006767","-24.750845","24.404783","-15.235571","-29.177197","30.50377","9.550291","-23.496294","29.12298"
"era-1047","12.010788","-24.75837","24.411875","-15.240522","-29.186247","30.513668","9.551825","-23.500044","29.128923"
"era-1048","12.014806","-24.765886","24.41896","-15.2454605","-29.195305","30.52356","9.553354","-23.503801","29.134848"
"era-1049","12.018824","-24.773403","24.426048","-15.250383","-29.204357","30.533443","9.554886","-23.507545","29.140749"
"era-1050","12.022836","-24.780916","24.43313","-15.255297","-29.213417","30.543316","9.556422","-23.511292","29.146637"
"era-1051","12.026852","-24.788427","24.44021","-15.260204","-29.22248","30.553186","9.5579605","-23.515034","29.152508"
"era-1052","12.030866","-24.795935","24.447289","-15.265099","-29.231548","30.563046","9.559501","-23.518766","29.158352"
"era-1053","12.034881","-24.803442","24.45436","-15.269987","-29.24062","30.5729","9.56104","-23.522493","29.164179"
"era-1054","12.038892","-24.810944","24.461428","-15.274863","-29.249697","30.58275","9.562577","-23.526218","29.169994"
"era-1055","12.0429","-24.818443","24.468494","-15.279728","-29.258772","30.592588","9.564117","-23.52994","29.175781"
"era-1056","12.04691","-24.825941","24.475555","-15.284584","-29.267849","30.602417","9.565655","-23.533655","29.181553"
"era-1057","12.050919","-24.83343","24.482609","-15.289434","-29.276926","30.612242","9.567194","-23.537357","29.187315"
"era-1058","12.054928","-24.840921","24.489668","-15.294276","-29.286007","30.62206","9.568741","-23.541058","29.193052"
"era-1059","12.058933","-24.848408","24.49672","-15.29911","-29.295088","30.631868","9.570289","-23.544748","29.198772"
"era-1060","12.062935","-24.855886","24.503767","-15.303931","-29.304167","30.641666","9.571835","-23.548435","29.204475"
"era-1061","12.066933","-24.86336","24.510822","-15.308747","-29.313248","30.65146","9.57338","-23.552124","29.210167"
"era-1062","12.070927","-24.87083","24.51787","-15.313554","-29.32233","30.661247","9.574922","-23.555803","29.21583"
"era-1063","12.074925","-24.878304","24.524912","-15.318358","-29.331415","30.67103","9.57647","-23.559475","29.221481"
"era-1064","12.078924","-24.885777","24.531956","-15.323149","-29.3405","30.680798","9.578017","-23.563139","29.227114"
"era-1065","12.08292","-24.893246","24.538998","-15.327932","-29.349586","30.69056","9.579566","-23.5668","29.232725"
"era-1066","12.086913","-24.90071","24.546041","-15.332711","-29.358675","30.700312","9.581111","-23.570456","29.238325"
"era-1067","12.090912","-24.908178","24.553076","-15.337481","-29.367756","30.710062","9.582656","-23.574102","29.243908"
"era-1068","12.094904","-24.915638","24.56011","-15.342243","-29.376842","30.719799","9.584205","-23.577745","29.249472"
"era-1069","12.098897","-24.923096","24.56714","-15.346998","-29.385927","30.729528","9.585752","-23.581383","29.255022"
"era-1070","12.102886","-24.930553","24.574173","-15.351746","-29.395016","30.739252","9.587297","-23.585007","29.260557"
"era-1071","12.106877","-24.938007","24.581198","-15.356488","-29.4041","30.748972","9.588842","-23.58864","29.266073"
"era-1072","12.110867","-24.945456","24.588224","-15.361224","-29.41319","30.75868","9.590388","-23.592255","29.271574"
"era-1073","12.114855","-24.952908","24.595247","-15.365955","-29.422276","30.768385","9.591938","-23.595873","29.277061"
"era-1074","12.118836","-24.96035","24.602272","-15.370679","-29.431362","30.778078","9.593483","-23.599487","29.282536"
"era-1075","12.122821","-24.967793","24.609293","-15.375393","-29.440445","30.787766","9.595033","-23.603098","29.288002"
"era-1076","12.126802","-24.97523","24.616314","-15.380105","-29.449524","30.79744","9.596581","-23.6067","29.293447"
"era-1077","12.130783","-24.98267","24.623327","-15.384812","-29.458597","30.807108","9.598125","-23.6103","29.29889"
"era-1078","12.134765","-24.990107","24.630346","-15.389513","-29.467667","30.816772","9.599669","-23.613895","29.304308"
"era-1079","12.138743","-24.997541","24.637358","-15.394206","-29.476744","30.82643","9.601207","-23.617485","29.30971"
"era-1080","12.142721","-25.00497","24.644367","-15.398891","-29.485815","30.836073","9.602747","-23.621067","29.315102"
"era-1081","12.146697","-25.012396","24.651373","-15.403569","-29.494888","30.845707","9.604287","-23.624645","29.320482"
"era-1082","12.150668","-25.019817","24.658373","-15.408243","-29.503963","30.85534","9.605823","-23.628208","29.325846"
"era-1083","12.154638","-25.027235","24.665367","-15.412913","-29.513033","30.864965","9.607361","-23.631786","29.331202"
"era-1084","12.158607","-25.03465","24.672369","-15.417578","-29.5221","30.874582","9.608898","-23.635357","29.336542"
"era-1085","12.162574","-25.04206","24.679361","-15.422236","-29.531168","30.884192","9.610437","-23.638926","29.341875"
"era-1086","12.166535","-25.049463","24.68635","-15.4268875","-29.540226","30.893793","9.611977","-23.64249","29.34719"
"era-1087","12.1705","-25.05687","24.693335","-15.431537","-29.549284","30.903383","9.613512","-23.64605","29.352495"
"era-1088","12.174461","-25.06427","24.700317","-15.436175","-29.558338","30.91297","9.615046","-23.649603","29.357786"
"era-1089","12.17842","-25.071669","24.7073","-15.440812","-29.567392","30.922544","9.616583","-23.653152","29.363068"
"era-1090","12.182377","-25.079065","24.714283","-15.445439","-29.576448","30.932116","9.6181135","-23.656698","29.368338"
"era-1091","12.186336","-25.08646","24.721266","-15.450062","-29.585497","30.941675","9.619643","-23.660246","29.373598"
"era-1092","12.190287","-25.093847","24.728237","-15.454677","-29.594547","30.951227","9.621175","-23.663795","29.378843"
"era-1093","12.194242","-25.101234","24.735212","-15.459287","-29.603592","30.96077","9.622706","-23.66734","29.384077"
"era-1094","12.198192","-25.108624","24.742186","-15.46389","-29.612638","30.970304","9.624238","-23.670883","29.389301"
"era-1095","12.202138","-25.116","24.749155","-15.468489","-29.621672","30.97983","9.625768","-23.67442","29.394514"
"era-1096","12.206085","-25.123379","24.756128","-15.473085","-29.630705","30.989353","9.627296","-23.677952","29.399721"
"era-1097","12.210033","-25.130754","24.76309","-15.4776745","-29.63973","30.998863","9.628824","-23.681475","29.404917"
"era-1098","12.213978","-25.138126","24.770054","-15.482263","-29.64875","31.00837","9.630353","-23.685001","29.410103"
"era-1099","12.217922","-25.145502","24.777021","-15.48684","-29.657774","31.017862","9.631882","-23.688528","29.41528"
"era-1100","12.221868","-25.152876","24.783976","-15.491416","-29.666796","31.027353","9.633404","-23.692045","29.42045"
"era-1101","12.225808","-25.160244","24.79093","-15.495984","-29.675816","31.036837","9.634928","-23.695562","29.425608"
"era-1102","12.229749","-25.167604","24.797882","-15.500544","-29.68483","31.046307","9.636449","-23.699072","29.430756"
"era-1103","12.233685","-25.174963","24.804832","-15.505099","-29.693842","31.055769","9.637963","-23.702576","29.435896"
"era-1104","12.237618","-25.182322","24.811783","-15.50965","-29.702852","31.065228","9.639482","-23.706076","29.44103"
"era-1105","12.241553","-25.189678","24.81873","-15.514193","-29.71185","31.074675","9.640999","-23.709589","29.446146"
"era-1106","12.245485","-25.197033","24.825674","-15.51873","-29.720856","31.084114","9.642514","-23.713085","29.451262"
"era-1107","12.249418","-25.204384","24.832611","-15.52326","-29.729856","31.093542","9.644023","-23.716585","29.456362"
"era-1108","12.253349","-25.211731","24.839548","-15.527787","-29.738846","31.102966","9.6455345","-23.720076","29.461456"
"era-1109","12.257276","-25.219072","24.846481","-15.532309","-29.747837","31.112377","9.647047","-23.72356","29.466545"
"era-1110","12.2612","-25.226418","24.853416","-15.536824","-29.756817","31.121784","9.648553","-23.727045","29.471622"
"era-1111","12.265127","-25.23376","24.860355","-15.541331","-29.765799","31.131182","9.650059","-23.730524","29.476686"
"era-1112","12.26905","-25.2411","24.867283","-15.545833","-29.774778","31.140572","9.651558","-23.734001","29.481749"
"era-1113","12.272972","-25.248434","24.874208","-15.550336","-29.783752","31.149956","9.653061","-23.737473","29.4868"
"era-1114","12.27689","-25.255764","24.881128","-15.554824","-29.792725","31.15933","9.654556","-23.740946","29.491846"
"era-1115","12.280807","-25.263098","24.888054","-15.559311","-29.80169","31.1687","9.65605","-23.744411","29.49688"
"era-1116","12.284727","-25.27043","24.894974","-15.563791","-29.81065","31.178055","9.657546","-23.747877","29.501905"
"era-1117","12.288645","-25.277756","24.901897","-15.568265","-29.819605","31.187403","9.65904","-23.751345","29.506926"
"era-1118","12.292555","-25.28508","24.90882","-15.572732","-29.828558","31.196745","9.66053","-23.754812","29.511936"
"era-1119","12.296465","-25.2924","24.915735","-15.577192","-29.837511","31.206078","9.662018","-23.758276","29.516937"
"era-1120","12.300374","-25.29972","24.92265","-15.58165","-29.84646","31.215405","9.663509","-23.761736","29.521938"
"era-1121","12.304279","-25.307032","24.92957","-15.586102","-29.85541","31.224724","9.664996","-23.765194","29.526934"
"era-1122","12.308179","-25.314337","24.936478","-15.590544","-29.864355","31.234034","9.666482","-23.768646","29.531918"
"era-1123","12.312078","-25.321642","24.94338","-15.594982","-29.873291","31.243334","9.667968","-23.772095","29.536896"
"era-1124","12.315982","-25.32895","24.950283","-15.599413","-29.882223","31.252626","9.669454","-23.775537","29.541866"
"era-1125","12.319884","-25.336254","24.95718","-15.603837","-29.891153","31.261908","9.670936","-23.778978","29.54683"
"era-1126","12.323787","-25.343555","24.964075","-15.608257","-29.90008","31.271183","9.672416","-23.782417","29.551796"
"era-1127","12.327684","-25.350859","24.970972","-15.612669","-29.908998","31.280447","9.673895","-23.785852","29.55675"
"era-1128","12.33158","-25.35815","24.977867","-15.617074","-29.917915","31.289707","9.675372","-23.789282","29.561693"
"era-1129","12.335474","-25.365448","24.984762","-15.621481","-29.92683","31.298962","9.676842","-23.792704","29.566633"
"era-1130","12.339367","-25.37274","24.99165","-15.6258745","-29.935738","31.308205","9.67831","-23.796125","29.571568"
"era-1131","12.343256","-25.380026","24.998537","-15.6302595","-29.944641","31.317434","9.679782","-23.799551","29.576492"
"era-1132","12.347143","-25.387312","25.005423","-15.634637","-29.953545","31.326658","9.681246","-23.80297","29.581413"
"era-1133","12.351029","-25.394592","25.012302","-15.639015","-29.962444","31.335875","9.682708","-23.806389","29.586327"
"era-1134","12.354914","-25.401873","25.019188","-15.643385","-29.971342","31.345087","9.68417","-23.809801","29.59123"
"era-1135","12.358799","-25.409155","25.026066","-15.647752","-29.980232","31.354292","9.685631","-23.813221","29.596134"
"era-1136","12.362681","-25.416435","25.032946","-15.652111","-29.98912","31.363493","9.687089","-23.816635","29.601034"
"era-1137","12.36656","-25.423712","25.039822","-15.656466","-29.998001","31.372683","9.688542","-23.820057","29.60593"
"era-1138","12.370439","-25.430984","25.046698","-15.66081","-30.006874","31.38186","9.689995","-23.823462","29.610819"
"era-1139","12.374315","-25.438253","25.053572","-15.665154","-30.015747","31.391031","9.691446","-23.826868","29.6157"
"era-1140","12.37819","-25.44552","25.06044","-15.669491","-30.024616","31.4002","9.692899","-23.830275","29.62058"
"era-1141","12.382067","-25.452791","25.067307","-15.673816","-30.03348","31.40935","9.694342","-23.833668","29.625458"
"era-1142","12.385941","-25.460056","25.074171","-15.67814","-30.042341","31.418495","9.695785","-23.837057","29.630327"
"era-1143","12.389812","-25.467318","25.081032","-15.682457","-30.051197","31.427633","9.697228","-23.84045","29.635191"
"era-1144","12.393685","-25.474579","25.08789","-15.686767","-30.060051","31.436762","9.69867","-23.843838","29.640049"
"era-1145","12.397552","-25.48183","25.094746","-15.691069","-30.068901","31.445883","9.700115","-23.847233","29.644905"
"era-1146","12.401413","-25.489079","25.101603","-15.695364","-30.077747","31.454996","9.701557","-23.85062","29.649752"
"era-1147","12.405276","-25.49633","25.108458","-15.699654","-30.086586","31.4641","9.7029915","-23.853996","29.6546"
"era-1148","12.40914","-25.503578","25.115303","-15.70394","-30.095425","31.473194","9.704428","-23.85738","29.659441"
"era-1149","12.413001","-25.510822","25.12215","-15.708221","-30.104261","31.482285","9.705862","-23.860756","29.664272"
"era-1150","12.416853","-25.518059","25.128994","-15.712492","-30.113094","31.491358","9.707292","-23.864128","29.669102"
"era-1151","12.420704","-25.52529","25.13584","-15.716757","-30.121914","31.500425","9.708721","-23.86749","29.673925"
"era-1152","12.424559","-25.532526","25.142681","-15.721019","-30.130724","31.509485","9.710145","-23.870846","29.678747"
"era-1153","12.4284115","-25.539759","25.149517","-15.725276","-30.139532","31.518538","9.711569","-23.874203","29.683569"
"era-1154","12.43226","-25.54699","25.156357","-15.729527","-30.148338","31.527586","9.712993","-23.877558","29.688377"
"era-1155","12.43611","-25.554216","25.163189","-15.73377","-30.157139","31.536621","9.714413","-23.880903","29.693184"
"era-1156","12.439953","-25.56144","25.170025","-15.738012","-30.165934","31.54565","9.715833","-23.884254","29.697987"
"era-1157","12.443802","-25.568668","25.176857","-15.742244","-30.174723","31.55467","9.717252","-23.887608","29.702784"
"era-1158","12.447644","-25.575886","25.183683","-15.746468","-30.183508","31.563675","9.718668","-23.890957","29.707575"
"era-1159","12.451489","-25.583109","25.190512","-15.75069","-30.192291","31.572678","9.72008","-23.894297","29.712364"
"era-1160","12.455332","-25.590324","25.19733","-15.75491","-30.20107","31.581675","9.721489","-23.89763","29.717146"
"era-1161","12.45917","-25.597538","25.204151","-15.759119","-30.209848","31.590664","9.722898","-23.900972","29.72192"
"era-1162","12.463012","-25.604757","25.21097","-15.763322","-30.218616","31.599644","9.724303","-23.904306","29.726694"
"era-1163","12.466846","-25.611965","25.217793","-15.76752","-30.227379","31.608616","9.725709","-23.907646","29.731464"
"era-1164","12.470679","-25.619173","25.224611","-15.771714","-30.23613","31.617575","9.727106","-23.910988","29.736227"
"era-1165","12.474513","-25.626383","25.231428","-15.775901","-30.244886","31.626534","9.728505","-23.914316","29.740992"
"era-1166","12.478345","-25.633587","25.238241","-15.780087","-30.253628","31.635483","9.729904","-23.91765","29.745745"
"era-1167","12.482175","-25.640789","25.24505","-15.784264","-30.262373","31.644417","9.731299","-23.920973","29.750496"
"era-1168","12.486003","-25.647985","25.251856","-15.788436","-30.271103","31.653353","9.732691","-23.924294","29.755241"
"era-1169","12.48983","-25.655182","25.258657","-15.792604","-30.279839","31.66228","9.734081","-23.927608","29.759987"
"era-1170","12.493655","-25.662378","25.265465","-15.796772","-30.28856","31.671196","9.735475","-23.930925","29.764727"
"era-1171","12.497479","-25.669569","25.272266","-15.800929","-30.29728","31.680098","9.736868","-23.934242","29.769466"
"era-1172","12.501305","-25.676764","25.279064","-15.80508","-30.30599","31.688997","9.738255","-23.937553","29.774199"
"era-1173","12.505126","-25.683954","25.285864","-15.809228","-30.3147","31.697884","9.739643","-23.94087","29.778927"
"era-1174","12.508947","-25.691141","25.292658","-15.813368","-30.323402","31.706764","9.741028","-23.944174","29.783653"
"era-1175","12.512768","-25.698326","25.299452","-15.817503","-30.332098","31.715635","9.742409","-23.947472","29.788374"
"era-1176","12.516588","-25.705515","25.306242","-15.821637","-30.34079","31.724503","9.74379","-23.950775","29.79309"
"era-1177","12.520404","-25.712696","25.31303","-15.825766","-30.349478","31.73336","9.74517","-23.954082","29.797804"
"era-1178","12.524214","-25.71987","25.31982","-15.829887","-30.358152","31.74221","9.746547","-23.957388","29.80251"
"era-1179","12.528026","-25.727043","25.326609","-15.834003","-30.366829","31.751047","9.747923","-23.96069","29.807203"
"era-1180","12.531835","-25.734215","25.33339","-15.838113","-30.375494","31.759874","9.749296","-23.963985","29.811903"
"era-1181","12.535644","-25.741385","25.34017","-15.842218","-30.384155","31.768698","9.7506695","-23.967276","29.816593"
"era-1182","12.539448","-25.74855","25.346949","-15.846322","-30.39281","31.777508","9.752039","-23.970566","29.82128"
"era-1183","12.54325","-25.755713","25.353725","-15.850421","-30.401457","31.786314","9.753404","-23.97385","29.825964"
"era-1184","12.547055","-25.762875","25.360495","-15.854514","-30.410099","31.795115","9.75477","-23.977139","29.830648"
"era-1185","12.550851","-25.770031","25.367268","-15.858607","-30.418732","31.803905","9.756134","-23.980421","29.835323"
"era-1186","12.554649","-25.777184","25.374039","-15.8627","-30.427357","31.812696","9.757499","-23.983706","29.839998"
"era-1187","12.558448","-25.784342","25.380802","-15.866784","-30.435978","31.821472","9.75886","-23.986988","29.844671"
"era-1188","12.562247","-25.791496","25.387566","-15.870862","-30.44459","31.83024","9.760221","-23.990269","29.849339"
"era-1189","12.566039","-25.798645","25.394333","-15.874944","-30.4532","31.839006","9.761578","-23.993559","29.854006"
"era-1190","12.569832","-25.805798","25.401098","-15.879017","-30.461802","31.847765","9.762928","-23.99683","29.858665"
"era-1191","12.573625","-25.812946","25.407862","-15.8830805","-30.4704","31.85651","9.76428","-24.000095","29.863321"
"era-1192","12.577416","-25.820091","25.414621","-15.887141","-30.478987","31.86524","9.765632","-24.003363","29.867971"
"era-1193","12.581206","-25.827236","25.421383","-15.891198","-30.487572","31.87397","9.766986","-24.006636","29.872614"
"era-1194","12.584994","-25.83438","25.428137","-15.895257","-30.49615","31.882692","9.76834","-24.009909","29.877258"
"era-1195","12.588779","-25.841513","25.434885","-15.899312","-30.504725","31.891409","9.769689","-24.01317","29.881891"
"era-1196","12.592559","-25.84864","25.441633","-15.903362","-30.513283","31.90012","9.771033","-24.01643","29.886538"
"era-1197","12.596343","-25.855774","25.448378","-15.9074135","-30.521837","31.908817","9.772381","-24.019684","29.891174"
"era-1198","12.600123","-25.862904","25.455116","-15.911457","-30.530382","31.917507","9.773722","-24.022938","29.895803"
"era-1199","12.603905","-25.870031","25.461853","-15.915495","-30.538925","31.926191","9.775061","-24.02619","29.90043"
"era-1200","12.607682","-25.87716","25.468597","-15.919532","-30.547459","31.934866","9.776398","-24.02944","29.905054"
"era-1201","12.611456","-25.88428","25.475336","-15.923562","-30.55599","31.943531","9.777731","-24.032688","29.909672"
"era-1202","12.615231","-25.8914","25.48207","-15.927592","-30.564512","31.952183","9.779062","-24.035933","29.914286"
"era-1203","12.619001","-25.898514","25.488804","-15.931618","-30.573023","31.960833","9.7803955","-24.039173","29.918892"
"era-1204","12.622774","-25.90563","25.495531","-15.93564","-30.581518","31.969473","9.781726","-24.04241","29.923502"
"era-1205","12.626541","-25.91274","25.502254","-15.939661","-30.590012","31.978106","9.783054","-24.04565","29.928108"
"era-1206","12.630307","-25.919847","25.508972","-15.94368","-30.598503","31.98673","9.784377","-24.048878","29.932709"
"era-1207","12.634072","-25.926954","25.515686","-15.947696","-30.606981","31.995346","9.785701","-24.052107","29.937305"
"era-1208","12.637837","-25.934061","25.522406","-15.951711","-30.615446","32.00396","9.787024","-24.05534","29.941902"
"era-1209","12.641601","-25.941158","25.52912","-15.955724","-30.62391","32.012566","9.788345","-24.058569","29.94649"
"era-1210","12.645358","-25.948254","25.535831","-15.959733","-30.63236","32.021156","9.789663","-24.061789","29.95107"
"era-1211","12.649118","-25.955353","25.542545","-15.963734","-30.640804","32.02974","9.790978","-24.065016","29.955648"
"era-1212","12.652875","-25.96245","25.549255","-15.967732","-30.649242","32.038315","9.792291","-24.068233","29.96023"
"era-1213","12.656633","-25.969542","25.55596","-15.971731","-30.657671","32.04688","9.793598","-24.071447","29.9648"
"era-1214","12.660387","-25.976633","25.562666","-15.975728","-30.666086","32.05544","9.794907","-24.074663","29.969374"
"era-1215","12.664138","-25.98372","25.569376","-15.979721","-30.674496","32.06399","9.796218","-24.077873","29.973934"
"era-1216","12.667889","-25.990808","25.57608","-15.983716","-30.682896","32.07253","9.797521","-24.081081","29.978497"
"era-1217","12.67164","-25.997896","25.582779","-15.987704","-30.691286","32.08106","9.798825","-24.084284","29.983055"
"era-1218","12.67539","-26.004978","25.589478","-15.991693","-30.699669","32.089592","9.800129","-24.087496","29.987608"
"era-1219","12.679138","-26.01206","25.596176","-15.995681","-30.708044","32.09811","9.801428","-24.090702","29.992157"
"era-1220","12.682883","-26.019136","25.602865","-15.999665","-30.71641","32.10662","9.802723","-24.093908","29.996706"
"era-1221","12.686628","-26.026215","25.609558","-16.003643","-30.724766","32.115116","9.804019","-24.097103","30.001253"
"era-1222","12.690369","-26.033285","25.616243","-16.00762","-30.733114","32.123608","9.805314","-24.1003","30.0058"
"era-1223","12.694106","-26.040354","25.622932","-16.0116","-30.741459","32.13209","9.806607","-24.103493","30.010344"
"era-1224","12.697846","-26.047422","25.629622","-16.01558","-30.74979","32.140568","9.807902","-24.10668","30.014881"
"era-1225","12.701586","-26.05449","25.636307","-16.019556","-30.758112","32.149036","9.809197","-24.109869","30.019419"
"era-1226","12.70532","-26.061552","25.642984","-16.023527","-30.76642","32.157494","9.810483","-24.113052","30.02395"
"era-1227","12.709054","-26.068613","25.649664","-16.027498","-30.774725","32.165943","9.811769","-24.116236","30.02848"
"era-1228","12.712788","-26.07567","25.656336","-16.031467","-30.783022","32.174385","9.813049","-24.119411","30.033005"
"era-1229","12.716516","-26.082724","25.663008","-16.03544","-30.791304","32.18282","9.814334","-24.122591","30.03753"
"era-1230","12.720246","-26.089777","25.669678","-16.039412","-30.79958","32.19125","9.815616","-24.125765","30.04205"
"era-1231","12.723977","-26.096828","25.676348","-16.043375","-30.807844","32.199665","9.816898","-24.128933","30.04656"
"era-1232","12.7277","-26.103874","25.68301","-16.047342","-30.816101","32.208073","9.818176","-24.132097","30.051071"
"era-1233","12.731424","-26.11092","25.68968","-16.05131","-30.824348","32.216473","9.819456","-24.135267","30.055582"
"era-1234","12.735147","-26.117962","25.696342","-16.055273","-30.832584","32.22486","9.820736","-24.13843","30.060087"
"era-1235","12.738867","-26.125004","25.703003","-16.059237","-30.840813","32.233242","9.822009","-24.141594","30.064592"
"era-1236","12.742584","-26.132036","25.709663","-16.0632","-30.849028","32.24162","9.823286","-24.144758","30.069086"
"era-1237","12.746302","-26.13907","25.71632","-16.067162","-30.857231","32.24998","9.824558","-24.147917","30.07359"
"era-1238","12.750017","-26.146103","25.722967","-16.071121","-30.865417","32.25833","9.82583","-24.15107","30.078089"
"era-1239","12.753732","-26.15313","25.729616","-16.075083","-30.8736","32.266678","9.827099","-24.15422","30.082582"
"era-1240","12.757445","-26.160162","25.736265","-16.079044","-30.881767","32.275013","9.8283615","-24.157362","30.087072"
"era-1241","12.761161","-26.167192","25.742908","-16.082998","-30.889935","32.283337","9.829627","-24.16051","30.091558"
"era-1242","12.764874","-26.174217","25.749548","-16.086956","-30.898085","32.291653","9.8308935","-24.163662","30.096045"
"era-1243","12.768584","-26.18124","25.756186","-16.090914","-30.906227","32.299965","9.832157","-24.166813","30.100527"
"era-1244","12.772292","-26.18826","25.76283","-16.09487","-30.91436","32.308266","9.833418","-24.169954","30.10501"
"era-1245","12.775996","-26.195274","25.769468","-16.098831","-30.922474","32.31656","9.834675","-24.17309","30.109482"
"era-1246","12.7797","-26.202288","25.776104","-16.102785","-30.930578","32.324837","9.835931","-24.176224","30.113956"
"era-1247","12.783404","-26.209305","25.782738","-16.106739","-30.938671","32.333103","9.837184","-24.179363","30.118423"
"era-1248","12.787107","-26.216318","25.789368","-16.110695","-30.946756","32.34137","9.838434","-24.182497","30.122892"
"era-1249","12.79081","-26.223326","25.795992","-16.114656","-30.954836","32.349632","9.839684","-24.18562","30.127354"
"era-1250","12.794505","-26.230328","25.802618","-16.118616","-30.962902","32.35788","9.840934","-24.188745","30.131813"
"era-1251","12.798202","-26.23733","25.809244","-16.122572","-30.970955","32.366116","9.842179","-24.191864","30.136267"
"era-1252","12.801897","-26.244331","25.815866","-16.126532","-30.978992","32.374344","9.843424","-24.194973","30.14072"
"era-1253","12.805591","-26.251331","25.822485","-16.130486","-30.98702","32.382553","9.844664","-24.198082","30.14517"
"era-1254","12.809285","-26.25833","25.829102","-16.134441","-30.995039","32.390755","9.845903","-24.201193","30.149624"
"era-1255","12.812981","-26.265327","25.835712","-16.138393","-31.003035","32.39894","9.847144","-24.204302","30.154068"
"era-1256","12.816671","-26.27232","25.84232","-16.142355","-31.011028","32.407135","9.848378","-24.207413","30.158512"
"era-1257","12.820358","-26.279305","25.848928","-16.146305","-31.01901","32.415302","9.849613","-24.210514","30.162958"
"era-1258","12.824043","-26.286291","25.855537","-16.150267","-31.026985","32.42347","9.850848","-24.213614","30.167398"
"era-1259","12.827727","-26.293276","25.862143","-16.15422","-31.034943","32.43162","9.852079","-24.216711","30.17184"
"era-1260","12.83141","-26.300257","25.868744","-16.158176","-31.042894","32.439762","9.853304","-24.219803","30.176277"
"era-1261","12.835094","-26.30724","25.875341","-16.162132","-31.050821","32.447895","9.854532","-24.222895","30.180712"
"era-1262","12.838774","-26.314217","25.881937","-16.166096","-31.058739","32.45602","9.855758","-24.225986","30.18514"
"era-1263","12.842454","-26.321192","25.888535","-16.170057","-31.066647","32.464138","9.856978","-24.229069","30.189573"
"era-1264","12.846131","-26.328165","25.895126","-16.174015","-31.074543","32.47224","9.858199","-24.232153","30.194002"
"era-1265","12.849808","-26.335135","25.901718","-16.177973","-31.082432","32.480324","9.859415","-24.23523","30.19843"
"era-1266","12.85348","-26.342102","25.90831","-16.181938","-31.0903","32.488415","9.860629","-24.238314","30.202854"
"era-1267","12.857152","-26.349072","25.9149","-16.185904","-31.098156","32.49649","9.861845","-24.241388","30.207275"
"era-1268","12.860826","-26.356037","25.921484","-16.18987","-31.106007","32.504555","9.86306","-24.244463","30.211693"
"era-1269","12.864497","-26.362997","25.92807","-16.193838","-31.113842","32.51261","9.864276","-24.247534","30.216114"
"era-1270","12.868163","-26.369953","25.934656","-16.197805","-31.12166","32.52065","9.865491","-24.250593","30.220533"
"era-1271","12.871829","-26.37691","25.941238","-16.20177","-31.129465","32.528675","9.866703","-24.253662","30.22495"
"era-1272","12.875496","-26.383865","25.947815","-16.205744","-31.137259","32.536697","9.867916","-24.256731","30.22937"
"era-1273","12.879158","-26.390818","25.954395","-16.209713","-31.145035","32.544704","9.8691225","-24.25979","30.233791"
"era-1274","12.882823","-26.397772","25.960976","-16.213682","-31.152796","32.552696","9.870327","-24.262848","30.238207"
"era-1275","12.886485","-26.404722","25.96755","-16.217651","-31.160547","32.560673","9.87153","-24.26591","30.24262"
"era-1276","12.890149","-26.41167","25.97412","-16.221622","-31.168278","32.56864","9.872735","-24.268963","30.247034"
"era-1277","12.893808","-26.418617","25.980682","-16.2256","-31.175995","32.576607","9.873937","-24.27202","30.251444"
"era-1278","12.89747","-26.425564","25.987246","-16.229574","-31.183706","32.584557","9.875138","-24.275072","30.255852"
"era-1279","12.901126","-26.4325","25.993805","-16.233557","-31.191402","32.5925","9.876337","-24.278124","30.260258"
"era-1280","12.904782","-26.439442","26.00036","-16.237543","-31.199085","32.600437","9.877533","-24.281174","30.264666"
"era-1281","12.908434","-26.446373","26.00692","-16.241533","-31.20675","32.608364","9.878729","-24.284222","30.269075"
"era-1282","12.912089","-26.453308","26.01348","-16.24552","-31.214403","32.616276","9.879924","-24.287254","30.273476"
"era-1283","12.915743","-26.460243","26.020031","-16.249508","-31.222042","32.624172","9.881119","-24.290289","30.277876"
"era-1284","12.9193945","-26.467175","26.026579","-16.253492","-31.229666","32.632053","9.882313","-24.293325","30.282278"
"era-1285","12.923042","-26.474104","26.033133","-16.257488","-31.237276","32.639935","9.8835","-24.296352","30.28668"
"era-1286","12.926693","-26.48103","26.039684","-16.261484","-31.244873","32.647797","9.884688","-24.299387","30.29108"
"era-1287","12.930344","-26.487959","26.04623","-16.265486","-31.25245","32.655655","9.885879","-24.302414","30.29548"
"era-1288","12.93399","-26.494884","26.052776","-16.269487","-31.260014","32.6635","9.887061","-24.305439","30.29988"
"era-1289","12.937634","-26.501806","26.059322","-16.27349","-31.267561","32.671337","9.888244","-24.308462","30.304277"
"era-1290","12.941279","-26.508724","26.065863","-16.277498","-31.275091","32.67915","9.889425","-24.311483","30.308672"
"era-1291","12.944917","-26.515636","26.0724","-16.281519","-31.282612","32.68697","9.890602","-24.314505","30.313063"
"era-1292","12.948558","-26.522552","26.078934","-16.285524","-31.290112","32.694767","9.891782","-24.317526","30.31746"
"era-1293","12.952195","-26.529467","26.08547","-16.289536","-31.297594","32.70255","9.892955","-24.320543","30.321856"
"era-1294","12.9558325","-26.536375","26.092001","-16.293552","-31.305056","32.71032","9.894123","-24.323559","30.326246"
"era-1295","12.959469","-26.543282","26.098526","-16.297573","-31.312508","32.718086","9.895292","-24.32657","30.33064"
"era-1296","12.963105","-26.550188","26.10505","-16.301601","-31.319939","32.725834","9.8964615","-24.329578","30.33503"
"era-1297","12.96674","-26.55709","26.111574","-16.305632","-31.327354","32.733578","9.897628","-24.332579","30.339422"
"era-1298","12.970371","-26.563992","26.118093","-16.309664","-31.33476","32.74131","9.89879","-24.335585","30.343811"
"era-1299","12.974","-26.570889","26.124615","-16.313704","-31.342144","32.749035","9.899952","-24.338589","30.348202"
"era-1300","12.977631","-26.57779","26.131132","-16.317734","-31.349508","32.75674","9.901113","-24.341587","30.352594"
"era-1301","12.981261","-26.584688","26.137648","-16.321766","-31.356857","32.76443","9.90227","-24.344578","30.356985"
"era-1302","12.984889","-26.591581","26.144161","-16.325802","-31.364185","32.7721","9.903432","-24.347582","30.361374"
"era-1303","12.988513","-26.59847","26.150677","-16.329853","-31.3715","32.779755","9.904587","-24.350576","30.365768"
"era-1304","12.992137","-26.605362","26.15719","-16.333902","-31.37879","32.787403","9.905743","-24.353567","30.370163"
"era-1305","12.995759","-26.612247","26.1637","-16.337954","-31.386066","32.79505","9.906895","-24.356552","30.37455"
"era-1306","12.999383","-26.619135","26.170206","-16.342012","-31.393324","32.80268","9.908046","-24.35953","30.378944"
"era-1307","13.003002","-26.626019","26.17671","-16.34608","-31.400572","32.810307","9.90919","-24.362513","30.383339"
"era-1308","13.0066185","-26.632895","26.183208","-16.35015","-31.407799","32.817917","9.910339","-24.365503","30.387735"
"era-1309","13.010235","-26.639769","26.189701","-16.354216","-31.414997","32.825516","9.911482","-24.368484","30.392132"
"era-1310","13.013846","-26.646639","26.196198","-16.35829","-31.422178","32.833088","9.912625","-24.371456","30.396526"
"era-1311","13.017455","-26.653507","26.202696","-16.362373","-31.429346","32.840652","9.913766","-24.37444","30.400923"
"era-1312","13.021067","-26.660378","26.209185","-16.366459","-31.436493","32.848217","9.9149065","-24.37742","30.405321"
"era-1313","13.024677","-26.667248","26.215673","-16.370548","-31.443617","32.85577","9.916042","-24.380396","30.409718"
"era-1314","13.028288","-26.674112","26.22216","-16.374638","-31.450722","32.86331","9.917178","-24.383371","30.41412"
"era-1315","13.031893","-26.680975","26.228647","-16.378727","-31.457808","32.870842","9.918315","-24.386347","30.41852"
"era-1316","13.035499","-26.687836","26.235134","-16.382843","-31.464884","32.878345","9.919444","-24.389318","30.42292"
"era-1317","13.039104","-26.694695","26.241615","-16.386951","-31.471928","32.885834","9.920576","-24.392286","30.427324"
"era-1318","13.042707","-26.701555","26.248093","-16.391064","-31.478954","32.893326","9.921704","-24.39525","30.431726"
"era-1319","13.046311","-26.708412","26.254574","-16.395182","-31.48596","32.900806","9.922832","-24.398222","30.436127"
"era-1320","13.049912","-26.715265","26.261051","-16.399311","-31.492945","32.908268","9.923955","-24.401178","30.44053"
"era-1321","13.053513","-26.722116","26.267525","-16.403439","-31.499907","32.91572","9.925079","-24.404137","30.444933"
"era-1322","13.057108","-26.728962","26.273998","-16.407574","-31.506847","32.92316","9.926198","-24.407095","30.449339"
"era-1323","13.060705","-26.735813","26.280478","-16.41171","-31.513762","32.930588","9.927319","-24.410048","30.453745"
"era-1324","13.064298","-26.742655","26.28695","-16.41587","-31.520664","32.938004","9.928438","-24.413","30.45815"
"era-1325","13.067891","-26.749498","26.293415","-16.420013","-31.527533","32.94541","9.929554","-24.41595","30.462557"
"era-1326","13.071487","-26.756342","26.299873","-16.424173","-31.534386","32.952805","9.930664","-24.4189","30.46697"
"era-1327","13.075077","-26.763182","26.306332","-16.428333","-31.541214","32.96017","9.931771","-24.421844","30.471376"
"era-1328","13.078671","-26.77002","26.31279","-16.432497","-31.548018","32.96754","9.932879","-24.424793","30.475788"
"era-1329","13.082259","-26.776854","26.31924","-16.43668","-31.554804","32.974884","9.933988","-24.42774","30.480196"
"era-1330","13.085847","-26.783684","26.325695","-16.440859","-31.561563","32.982224","9.93509","-24.430681","30.484604"
"era-1331","13.08943","-26.790512","26.33215","-16.44505","-31.568298","32.98955","9.936191","-24.43362","30.489017"
"era-1332","13.093014","-26.797342","26.338602","-16.449232","-31.574999","32.99686","9.93729","-24.436556","30.49343"
"era-1333","13.096594","-26.804165","26.345049","-16.453426","-31.58168","33.00417","9.938389","-24.43949","30.497839"
"era-1334","13.100172","-26.81098","26.351492","-16.457624","-31.588339","33.011463","9.939486","-24.442425","30.502254"
"era-1335","13.103746","-26.817799","26.357933","-16.461845","-31.59498","33.01873","9.9405775","-24.445362","30.506672"
"era-1336","13.107327","-26.824617","26.364374","-16.466063","-31.60159","33.025986","9.941671","-24.448296","30.511091"
"era-1337","13.110903","-26.83143","26.37081","-16.470285","-31.608168","33.03324","9.942759","-24.451225","30.515509"
"era-1338","13.114476","-26.838243","26.377245","-16.474499","-31.614721","33.04049","9.943844","-24.454151","30.51993"
"era-1339","13.118049","-26.845057","26.383677","-16.478756","-31.621258","33.0477","9.944927","-24.45708","30.52435"
"era-1340","13.121616","-26.851862","26.390112","-16.482988","-31.627758","33.05492","9.946009","-24.459997","30.528772"
"era-1341","13.125188","-26.85867","26.396542","-16.487253","-31.63424","33.06211","9.947087","-24.46292","30.533195"
"era-1342","13.128758","-26.865475","26.402967","-16.491512","-31.640692","33.069294","9.948167","-24.465843","30.537619"
"era-1343","13.132327","-26.87228","26.409395","-16.49577","-31.647118","33.07649","9.949245","-24.468761","30.542042"
"era-1344","13.135893","-26.879082","26.41582","-16.500027","-31.653519","33.083668","9.95032","-24.471685","30.546467"
"era-1345","13.139454","-26.885872","26.422237","-16.504313","-31.659906","33.090797","9.951387","-24.474606","30.550894"
"era-1346","13.143012","-26.892664","26.42865","-16.508587","-31.666248","33.09793","9.952458","-24.477516","30.555323"
"era-1347","13.146572","-26.899454","26.43506","-16.512865","-31.672565","33.105053","9.953523","-24.480429","30.55975"
"era-1348","13.150127","-26.90624","26.441475","-16.517155","-31.678862","33.11216","9.954588","-24.48334","30.564178"
"era-1349","13.153683","-26.913025","26.447884","-16.521454","-31.685127","33.119247","9.955648","-24.486244","30.56861"
"era-1350","13.157241","-26.919813","26.454298","-16.52575","-31.691366","33.126324","9.956708","-24.489151","30.573044"
"era-1351","13.160797","-26.926598","26.460705","-16.530066","-31.697578","33.133396","9.957766","-24.492052","30.577478"
"era-1352","13.16435","-26.933374","26.467104","-16.53438","-31.703758","33.140438","9.958821","-24.494951","30.581905"
"era-1353","13.167902","-26.940157","26.473507","-16.538702","-31.70991","33.14748","9.959871","-24.497856","30.586344"
"era-1354","13.171452","-26.946934","26.479908","-16.543024","-31.716034","33.15451","9.960923","-24.50076","30.590778"
"era-1355","13.175002","-26.953709","26.486301","-16.547356","-31.722134","33.16151","9.961974","-24.503664","30.59521"
"era-1356","13.17855","-26.960482","26.492697","-16.551708","-31.728209","33.16849","9.963019","-24.506563","30.599644"
"era-1357","13.182095","-26.967253","26.499092","-16.556051","-31.734245","33.175476","9.964066","-24.509457","30.604076"
"era-1358","13.185639","-26.97402","26.505486","-16.560402","-31.740252","33.18244","9.965108","-24.512346","30.60851"
"era-1359","13.189181","-26.980783","26.511873","-16.56475","-31.74623","33.189404","9.966148","-24.515238","30.612951"
"era-1360","13.192721","-26.987543","26.518255","-16.569117","-31.75218","33.196342","9.967183","-24.518124","30.61739"
"era-1361","13.1962595","-26.994305","26.52464","-16.57349","-31.758108","33.20326","9.968217","-24.521011","30.62183"
"era-1362","13.199796","-27.00106","26.53102","-16.577848","-31.763998","33.210182","9.969252","-24.523901","30.626272"
"era-1363","13.203336","-27.007818","26.537397","-16.582207","-31.769865","33.217083","9.970285","-24.526783","30.630716"
"era-1364","13.20687","-27.014574","26.543783","-16.586586","-31.775713","33.223957","9.971316","-24.529673","30.63516"
"era-1365","13.210404","-27.02133","26.550163","-16.590971","-31.781532","33.230827","9.9723425","-24.532558","30.639608"
"era-1366","13.213938","-27.02808","26.556538","-16.595354","-31.787323","33.23767","9.973368","-24.535437","30.644053"
"era-1367","13.21747","-27.03483","26.562908","-16.59973","-31.793074","33.244514","9.974393","-24.538322","30.648495"
"era-1368","13.221003","-27.041576","26.569279","-16.60411","-31.7988","33.25133","9.975414","-24.541199","30.652939"
"era-1369","13.224531","-27.048319","26.575642","-16.608501","-31.804502","33.25813","9.976438","-24.544077","30.657381"
"era-1370","13.228061","-27.055061","26.582005","-16.612883","-31.810173","33.264915","9.977461","-24.546955","30.661829"
"era-1371","13.231586","-27.061804","26.58836","-16.617277","-31.815823","33.271683","9.978475","-24.549833","30.666279"
"era-1372","13.235112","-27.06854","26.594719","-16.621658","-31.821445","33.278446","9.979487","-24.552706","30.67073"
"era-1373","13.238632","-27.075272","26.601078","-16.626049","-31.827047","33.28517","9.980498","-24.555578","30.675177"
"era-1374","13.242155","-27.082003","26.607433","-16.630436","-31.83262","33.291878","9.981506","-24.55845","30.67963"
"era-1375","13.245677","-27.088736","26.613787","-16.634787","-31.838158","33.2986","9.982518","-24.56131","30.68409"
"era-1376","13.249195","-27.095467","26.62014","-16.639193","-31.843693","33.30527","9.983524","-24.564177","30.688543"
"era-1377","13.25271","-27.102188","26.626493","-16.643559","-31.84918","33.311935","9.9845295","-24.567038","30.692997"
"era-1378","13.256226","-27.108913","26.632841","-16.647924","-31.854649","33.318596","9.985529","-24.5699","30.697453"
"era-1379","13.259738","-27.115635","26.639185","-16.652323","-31.860106","33.325207","9.9865265","-24.572767","30.701908"
"era-1380","13.263253","-27.122356","26.645527","-16.6567","-31.865528","33.33183","9.987522","-24.57562","30.70636"
"era-1381","13.2667675","-27.129076","26.651869","-16.661074","-31.870932","33.33843","9.988517","-24.578482","30.710812"
"era-1382","13.270278","-27.135794","26.658209","-16.665432","-31.876314","33.345","9.989508","-24.581333","30.71527"
"era-1383","13.273786","-27.142506","26.664547","-16.669773","-31.88167","33.351578","9.990505","-24.58418","30.719725"
"era-1384","13.277292","-27.149216","26.67088","-16.674152","-31.887024","33.358093","9.991498","-24.587032","30.724176"
"era-1385","13.280799","-27.155922","26.677214","-16.678495","-31.892338","33.36462","9.992488","-24.589878","30.728632"
"era-1386","13.284302","-27.162628","26.683548","-16.682829","-31.897635","33.37114","9.993476","-24.592724","30.733086"
"era-1387","13.287804","-27.16933","26.68988","-16.687176","-31.90292","33.377625","9.994464","-24.595564","30.737535"
"era-1388","13.291303","-27.17603","26.696207","-16.691525","-31.90819","33.38408","9.995448","-24.598404","30.741987"
"era-1389","13.294803","-27.182728","26.702532","-16.695818","-31.913424","33.390553","9.996436","-24.601233","30.746437"
"era-1390","13.298304","-27.189425","26.70885","-16.700129","-31.918663","33.39698","9.99742","-24.60406","30.750889"
"era-1391","13.301802","-27.196115","26.715166","-16.704424","-31.923885","33.40339","9.9984045","-24.60689","30.755339"
"era-1392","13.305298","-27.202808","26.72148","-16.708721","-31.92909","33.409767","9.999385","-24.60971","30.759787"
"era-1393","13.308795","-27.2095","26.727797","-16.71297","-31.934273","33.41616","10.000363","-24.612528","30.764235"
"era-1394","13.312289","-27.216188","26.734112","-16.717258","-31.939451","33.422485","10.001338","-24.615349","30.768679"
"era-1395","13.315785","-27.222878","26.74042","-16.721504","-31.944592","33.428814","10.002315","-24.618168","30.773125"
"era-1396","13.319279","-27.229563","26.746725","-16.725739","-31.949732","33.43514","10.00329","-24.620983","30.777569"
"era-1397","13.322769","-27.236242","26.753033","-16.729977","-31.954872","33.441425","10.004262","-24.623802","30.782015"
"era-1398","13.326259","-27.242924","26.759338","-16.734203","-31.95999","33.447685","10.005236","-24.626612","30.786459"
"era-1399","13.329746","-27.2496","26.765638","-16.738394","-31.965096","33.453938","10.006209","-24.629423","30.790905"
"era-1400","13.33323","-27.256268","26.771936","-16.74259","-31.97019","33.46016","10.007182","-24.632223","30.795347"
"era-1401","13.336718","-27.262941","26.778233","-16.746756","-31.975267","33.466373","10.008155","-24.635025","30.79979"
"era-1402","13.340205","-27.269617","26.78453","-16.75089","-31.980352","33.47257","10.009123","-24.637821","30.804228"
"era-1403","13.343691","-27.276285","26.790823","-16.75505","-31.985434","33.47872","10.010088","-24.640617","30.808666"
"era-1404","13.347173","-27.282951","26.797113","-16.759178","-31.9905","33.484867","10.011056","-24.643414","30.813103"
"era-1405","13.350655","-27.289616","26.803402","-16.763277","-31.995556","33.491005","10.012028","-24.646204","30.817541"
"era-1406","13.3541355","-27.296278","26.809689","-16.767366","-32.000607","33.497116","10.012993","-24.648983","30.821974"
"era-1407","13.357615","-27.302937","26.815973","-16.771431","-32.00565","33.503204","10.013961","-24.651768","30.82641"
"era-1408","13.36109","-27.309593","26.82226","-16.7755","-32.010693","33.509247","10.014925","-24.65455","30.830847"
"era-1409","13.364566","-27.316248","26.828545","-16.779516","-32.015717","33.515293","10.015892","-24.657322","30.83528"
"era-1410","13.368044","-27.322905","26.834824","-16.783518","-32.02074","33.521317","10.016862","-24.660097","30.83971"
"era-1411","13.371521","-27.329554","26.841097","-16.78751","-32.02578","33.527313","10.017828","-24.662865","30.844141"
"era-1412","13.374996","-27.336206","26.847376","-16.791468","-32.03081","33.5333","10.018791","-24.665628","30.848574"
"era-1413","13.378475","-27.342857","26.853647","-16.795404","-32.035835","33.53925","10.019751","-24.668386","30.853003"
"era-1414","13.381944","-27.349503","26.859919","-16.799349","-32.04086","33.545166","10.020709","-24.671144","30.857431"
"era-1415","13.385414","-27.356146","26.866192","-16.803268","-32.045876","33.551075","10.021668","-24.673893","30.861856"
"era-1416","13.388888","-27.36279","26.872456","-16.807123","-32.050884","33.55698","10.0226345","-24.676634","30.86629"
"era-1417","13.392356","-27.369427","26.878721","-16.811007","-32.055904","33.56283","10.023593","-24.679384","30.870708"
"era-1418","13.395826","-27.376068","26.884981","-16.814848","-32.060925","33.568684","10.024549","-24.682129","30.87513"
"era-1419","13.399292","-27.382704","26.891245","-16.818699","-32.065952","33.574497","10.025503","-24.684872","30.879547"
"era-1420","13.402755","-27.389334","26.897497","-16.822493","-32.070965","33.580315","10.026462","-24.687616","30.883966"
"era-1421","13.40622","-27.395962","26.903744","-16.826275","-32.075985","33.58611","10.027414","-24.690351","30.888395"
"era-1422","13.409686","-27.40259","26.909994","-16.83005","-32.081","33.591866","10.028371","-24.693085","30.892813"
"era-1423","13.413146","-27.409214","26.916243","-16.8338","-32.08601","33.59761","10.029328","-24.69582","30.897223"
"era-1424","13.416603","-27.41583","26.922485","-16.837524","-32.09101","33.603344","10.03028","-24.698542","30.901638"
"era-1425","13.420065","-27.422453","26.928728","-16.841225","-32.096024","33.60905","10.031231","-24.701265","30.906054"
"era-1426","13.42352","-27.429068","26.934969","-16.84491","-32.101036","33.614723","10.032181","-24.703989","30.91047"
"era-1427","13.426978","-27.435688","26.941208","-16.848574","-32.10605","33.62038","10.033131","-24.706713","30.91488"
"era-1428","13.430432","-27.442297","26.947445","-16.8522","-32.11106","33.626026","10.03408","-24.709435","30.91929"
"era-1429","13.433884","-27.448904","26.95368","-16.855814","-32.116077","33.631657","10.035032","-24.712156","30.923698"
"era-1430","13.437336","-27.455511","26.959911","-16.859451","-32.121113","33.637238","10.035978","-24.714884","30.928099"
"era-1431","13.440783","-27.462118","26.966146","-16.863014","-32.126125","33.64284","10.036928","-24.717596","30.932505"
"era-1432","13.444232","-27.468721","26.972378","-16.866592","-32.13116","33.648407","10.037875","-24.72031","30.936909"
"era-1433","13.447681","-27.475327","26.978611","-16.870129","-32.1362","33.653957","10.038821","-24.72302","30.941319"
"era-1434","13.451126","-27.481926","26.98484","-16.873652","-32.14124","33.659492","10.039766","-24.72572","30.945723"
"era-1435","13.454574","-27.488523","26.991064","-16.877157","-32.14628","33.664997","10.040711","-24.728424","30.950127"
"era-1436","13.458019","-27.495123","26.997288","-16.880638","-32.15132","33.670498","10.0416565","-24.731125","30.95453"
"era-1437","13.461462","-27.501713","27.003511","-16.884098","-32.15636","33.675983","10.042603","-24.733826","30.958931"
"era-1438","13.464905","-27.508305","27.009731","-16.887526","-32.161407","33.681458","10.043547","-24.73652","30.963331"
"era-1439","13.468347","-27.514894","27.01595","-16.890963","-32.16646","33.686897","10.044487","-24.73922","30.967726"
"era-1440","13.471788","-27.521486","27.022167","-16.894373","-32.171516","33.692318","10.045429","-24.741913","30.972124"
"era-1441","13.475229","-27.528072","27.028376","-16.89778","-32.176567","33.697716","10.046367","-24.744598","30.97652"
"era-1442","13.478667","-27.534657","27.034588","-16.90112","-32.181614","33.703117","10.047309","-24.747272","30.980917"
"era-1443","13.482104","-27.541243","27.040794","-16.904493","-32.186695","33.708458","10.04824","-24.74996","30.98531"
"era-1444","13.485543","-27.547823","27.046999","-16.907799","-32.191753","33.713837","10.049178","-24.75263","30.989704"
"era-1445","13.488976","-27.554396","27.053202","-16.911114","-32.196842","33.719166","10.050115","-24.75531","30.994099"
"era-1446","13.49241","-27.560974","27.059406","-16.914398","-32.201923","33.7245","10.051047","-24.757982","30.99849"
"era-1447","13.495838","-27.567547","27.065607","-16.917694","-32.20701","33.729794","10.051977","-24.760654","31.002882"
"era-1448","13.4992695","-27.574116","27.071804","-16.92097","-32.212086","33.735077","10.052906","-24.76332","31.007275"
"era-1449","13.502698","-27.580685","27.078003","-16.92421","-32.217175","33.74036","10.053838","-24.76599","31.011667"
"era-1450","13.506124","-27.58725","27.084198","-16.927439","-32.22226","33.74562","10.054767","-24.768658","31.016058"
"era-1451","13.509551","-27.593817","27.090391","-16.930641","-32.227356","33.750862","10.0556965","-24.771317","31.02045"
"era-1452","13.512979","-27.600382","27.096582","-16.933811","-32.232456","33.756104","10.056625","-24.773973","31.024837"
"era-1453","13.516402","-27.606943","27.102774","-16.937","-32.237553","33.761303","10.0575485","-24.776634","31.029226"
"era-1454","13.519823","-27.613497","27.108955","-16.94017","-32.24267","33.76649","10.058473","-24.779291","31.033611"
"era-1455","13.523244","-27.62005","27.115131","-16.94332","-32.24778","33.771675","10.059398","-24.78195","31.037998"
"era-1456","13.526665","-27.626608","27.121317","-16.94645","-32.252895","33.776833","10.060317","-24.7846","31.042381"
"era-1457","13.530086","-27.633162","27.127491","-16.94955","-32.258","33.782005","10.06124","-24.787256","31.046764"
"era-1458","13.5335045","-27.639715","27.13367","-16.95265","-32.263115","33.787144","10.062156","-24.789913","31.051144"
"era-1459","13.536919","-27.646263","27.139853","-16.95575","-32.26823","33.79226","10.063068","-24.792568","31.055529"
"era-1460","13.540331","-27.65281","27.146034","-16.958818","-32.273354","33.797367","10.063984","-24.795221","31.059914"
"era-1461","13.543742","-27.659353","27.152205","-16.961882","-32.27848","33.80246","10.064894","-24.79787","31.064302"
"era-1462","13.547155","-27.665897","27.158375","-16.964916","-32.2836","33.80755","10.065802","-24.800508","31.068682"
"era-1463","13.550566","-27.672434","27.164545","-16.967941","-32.288734","33.812622","10.066712","-24.80315","31.073055"
"era-1464","13.55397","-27.67897","27.170712","-16.970976","-32.29387","33.81767","10.067618","-24.805794","31.077427"
"era-1465","13.557379","-27.685505","27.176876","-16.973978","-32.299","33.822712","10.068522","-24.808428","31.081802"
"era-1466","13.560785","-27.69204","27.18304","-16.976963","-32.30414","33.827747","10.069427","-24.81107","31.086176"
"era-1467","13.564184","-27.698568","27.189201","-16.97995","-32.309277","33.832764","10.070329","-24.813715","31.09055"
"era-1468","13.567588","-27.705095","27.19536","-16.982887","-32.314407","33.837788","10.071232","-24.816345","31.094927"
"era-1469","13.57099","-27.711622","27.201513","-16.98587","-32.319572","33.842762","10.072126","-24.81898","31.099304"
"era-1470","13.57439","-27.71815","27.207664","-16.988808","-32.324722","33.847748","10.073026","-24.821623","31.103678"
"era-1471","13.577787","-27.724669","27.213816","-16.991741","-32.329865","33.85271","10.07392","-24.82426","31.108051"
"era-1472","13.5811825","-27.731184","27.219965","-16.994644","-32.33501","33.85768","10.074817","-24.826895","31.112425"
"era-1473","13.584574","-27.737703","27.226116","-16.997562","-32.34016","33.862617","10.0757065","-24.829535","31.116796"
"era-1474","13.58797","-27.744219","27.232262","-17.000444","-32.345303","33.86755","10.076594","-24.832167","31.12117"
"era-1475","13.591362","-27.750734","27.238403","-17.003305","-32.350452","33.872482","10.077483","-24.834791","31.125538"
"era-1476","13.59475","-27.757244","27.244541","-17.006184","-32.355618","33.877384","10.078367","-24.837418","31.129913"
"era-1477","13.598138","-27.76375","27.25068","-17.009037","-32.360783","33.882286","10.079247","-24.84005","31.134289"
"era-1478","13.601522","-27.770256","27.25682","-17.011892","-32.36594","33.887165","10.080127","-24.842678","31.138659"
"era-1479","13.604911","-27.77676","27.262953","-17.014711","-32.371105","33.892048","10.081005","-24.845297","31.143034"
"era-1480","13.608295","-27.783264","27.269085","-17.017523","-32.37627","33.89692","10.081882","-24.847923","31.1474"
"era-1481","13.61168","-27.789764","27.275211","-17.020351","-32.381428","33.901768","10.082755","-24.85055","31.151766"
"era-1482","13.615061","-27.796263","27.28134","-17.02316","-32.386593","33.90661","10.083625","-24.853176","31.156136"
"era-1483","13.618442","-27.802763","27.287464","-17.02596","-32.39176","33.911427","10.084494","-24.855797","31.16051"
"era-1484","13.621824","-27.80926","27.293587","-17.028725","-32.39693","33.91626","10.085364","-24.858416","31.164879"
"era-1485","13.625203","-27.815756","27.29971","-17.031483","-32.4021","33.921074","10.086235","-24.86104","31.169249"
"era-1486","13.628579","-27.822247","27.305826","-17.034254","-32.407284","33.92586","10.087103","-24.863663","31.17362"
"era-1487","13.631955","-27.828733","27.311943","-17.036999","-32.412457","33.93064","10.087965","-24.86628","31.177988"
"era-1488","13.635328","-27.83522","27.318064","-17.039726","-32.417637","33.935425","10.088827","-24.868895","31.182358"
"era-1489","13.638699","-27.841705","27.324179","-17.042463","-32.422806","33.940186","10.089686","-24.871511","31.186726"
"era-1490","13.642067","-27.848185","27.330292","-17.045168","-32.42798","33.94494","10.090547","-24.874123","31.19109"
"era-1491","13.645436","-27.854664","27.336397","-17.047888","-32.43316","33.949673","10.0914","-24.87673","31.195457"
"era-1492","13.648799","-27.861135","27.342503","-17.050581","-32.438328","33.95441","10.092253","-24.879341","31.199823"
"era-1493","13.652165","-27.86761","27.348606","-17.053268","-32.4435","33.95913","10.093107","-24.881956","31.204193"
"era-1494","13.655528","-27.874084","27.354713","-17.055948","-32.44867","33.963844","10.093956","-24.884571","31.20856"
"era-1495","13.658889","-27.88055","27.360817","-17.058622","-32.45385","33.96855","10.094802","-24.887182","31.212923"
"era-1496","13.662248","-27.887018","27.366913","-17.06129","-32.459023","33.973244","10.095645","-24.889788","31.217295"
"era-1497","13.665603","-27.893482","27.373009","-17.063957","-32.464195","33.97791","10.096482","-24.892403","31.221659"
"era-1498","13.668955","-27.899942","27.379103","-17.066607","-32.469368","33.982586","10.097319","-24.895025","31.22602"
"era-1499","13.67231","-27.906403","27.385193","-17.06923","-32.474545","33.987255","10.098158","-24.897635","31.230383"
"era-1500","13.675666","-27.912863","27.391287","-17.071852","-32.479725","33.991917","10.098994","-24.900246","31.234747"
"era-1501","13.679014","-27.919323","27.397377","-17.074488","-32.484898","33.996548","10.099819","-24.90285","31.239105"
"era-1502","13.682366","-27.925781","27.403467","-17.077091","-32.490074","34.001194","10.100648","-24.905449","31.243471"
"era-1503","13.685715","-27.932238","27.40956","-17.079718","-32.495255","34.005814","10.101469","-24.908066","31.24783"
"era-1504","13.689063","-27.93869","27.415644","-17.0823","-32.500423","34.010452","10.102297","-24.910667","31.252192"
"era-1505","13.692407","-27.945137","27.42173","-17.084919","-32.505608","34.015045","10.103117","-24.913269","31.256552"
"era-1506","13.695749","-27.951582","27.427814","-17.087467","-32.510773","34.01967","10.10394","-24.91587","31.260918"
"era-1507","13.699092","-27.95803","27.433899","-17.090048","-32.51594","34.02425","10.104755","-24.918472","31.265284"
"era-1508","13.702432","-27.964476","27.439974","-17.092615","-32.521114","34.02884","10.105573","-24.921074","31.269646"
"era-1509","13.705772","-27.970917","27.446053","-17.09518","-32.526295","34.03341","10.106385","-24.923677","31.274002"
"era-1510","13.709114","-27.977358","27.452122","-17.097721","-32.531464","34.03798","10.107202","-24.926271","31.278358"
"era-1511","13.71245","-27.983799","27.458197","-17.10029","-32.536633","34.042526","10.108009","-24.928879","31.282717"
"era-1512","13.715791","-27.990238","27.464264","-17.102835","-32.541817","34.04708","10.108814","-24.93148","31.287073"
"era-1513","13.719124","-27.996675","27.47033","-17.10539","-32.54699","34.051613","10.109619","-24.934088","31.29143"
"era-1514","13.722453","-28.003107","27.4764","-17.107924","-32.552155","34.05615","10.110422","-24.936697","31.295794"
"era-1515","13.725786","-28.009537","27.482462","-17.11043","-32.557312","34.06067","10.111222","-24.939306","31.300146"
"era-1516","13.7291155","-28.015965","27.488527","-17.112955","-32.562473","34.065178","10.11202","-24.94191","31.304497"
"era-1517","13.732441","-28.02239","27.494587","-17.115452","-32.56765","34.06969","10.112816","-24.944515","31.30885"
"era-1518","13.735765","-28.028812","27.500647","-17.117945","-32.57281","34.074207","10.113608","-24.947119","31.313202"
"era-1519","13.739089","-28.035236","27.506704","-17.12046","-32.57797","34.078682","10.114398","-24.949724","31.317556"
"era-1520","13.742413","-28.041656","27.512756","-17.122965","-32.583126","34.083164","10.115188","-24.952328","31.321909"
"era-1521","13.745734","-28.048077","27.518812","-17.12543","-32.58828","34.087658","10.115979","-24.95493","31.326265"
"era-1522","13.749052","-28.05449","27.524864","-17.127897","-32.59344","34.092125","10.116769","-24.957531","31.330616"
"era-1523","13.752372","-28.060904","27.530912","-17.130363","-32.598595","34.09659","10.117552","-24.960121","31.334972"
"era-1524","13.755689","-28.067314","27.53696","-17.13283","-32.60374","34.101032","10.118332","-24.962717","31.339327"
"era-1525","13.759005","-28.073727","27.543001","-17.135315","-32.608887","34.105457","10.119103","-24.96532","31.343683"
"era-1526","13.762317","-28.080132","27.549047","-17.13776","-32.614025","34.1099","10.119875","-24.967905","31.348032"
"era-1527","13.765624","-28.08653","27.555084","-17.140196","-32.619152","34.114338","10.120646","-24.970505","31.352385"
"era-1528","13.76893","-28.092932","27.561123","-17.14264","-32.624287","34.118744","10.121415","-24.973099","31.356733"
"era-1529","13.77224","-28.099335","27.56716","-17.145071","-32.629425","34.12316","10.122187","-24.975697","31.361082"
"era-1530","13.775544","-28.105728","27.5732","-17.147507","-32.634567","34.127583","10.122952","-24.978298","31.365433"
"era-1531","13.778846","-28.112125","27.579235","-17.149956","-32.639713","34.131958","10.123714","-24.980904","31.369781"
"era-1532","13.782154","-28.11852","27.585266","-17.152363","-32.644836","34.136353","10.124478","-24.983503","31.374132"
"era-1533","13.785459","-28.124916","27.591293","-17.154753","-32.64996","34.140755","10.125244","-24.986101","31.378487"
"era-1534","13.788759","-28.131308","27.597317","-17.157179","-32.655094","34.145115","10.126","-24.988703","31.382837"
"era-1535","13.792058","-28.137693","27.60334","-17.159555","-32.660217","34.149498","10.126758","-24.99129","31.38719"
"era-1536","13.795356","-28.144077","27.609364","-17.161968","-32.665344","34.15385","10.127509","-24.99388","31.391546"
"era-1537","13.798649","-28.15046","27.615385","-17.164371","-32.670467","34.158195","10.128258","-24.996473","31.395899"
"era-1538","13.801942","-28.156841","27.621407","-17.166767","-32.67558","34.16254","10.129005","-24.999063","31.400248"
"era-1539","13.805235","-28.163223","27.627426","-17.169153","-32.680695","34.16688","10.129751","-25.001656","31.404594"
"era-1540","13.808527","-28.169601","27.633442","-17.171543","-32.685802","34.171207","10.130495","-25.004246","31.40894"
"era-1541","13.811815","-28.175978","27.639454","-17.173904","-32.690907","34.17554","10.13124","-25.006838","31.413284"
"era-1542","13.815103","-28.182352","27.645466","-17.176285","-32.69601","34.179844","10.131975","-25.009438","31.417627"
"era-1543","13.818389","-28.18872","27.651472","-17.178629","-32.70111","34.184166","10.132714","-25.01203","31.421976"
"era-1544","13.821674","-28.19509","27.657482","-17.180996","-32.706203","34.18846","10.133452","-25.014618","31.426315"
"era-1545","13.82496","-28.201458","27.663488","-17.183363","-32.7113","34.19274","10.134182","-25.017208","31.430664"
"era-1546","13.828238","-28.207819","27.66949","-17.185715","-32.71638","34.197033","10.134912","-25.019802","31.435001"
"era-1547","13.831515","-28.214182","27.675495","-17.188036","-32.72145","34.201317","10.135639","-25.022398","31.439346"
"era-1548","13.834796","-28.220545","27.681494","-17.19038","-32.726536","34.20561","10.136364","-25.024986","31.443686"
"era-1549","13.838071","-28.226904","27.68749","-17.192738","-32.731617","34.20986","10.137082","-25.02758","31.448029"
"era-1550","13.841342","-28.233253","27.693485","-17.19506","-32.73669","34.21413","10.137804","-25.03017","31.452366"
"era-1551","13.844614","-28.239609","27.699482","-17.197395","-32.74176","34.218384","10.138519","-25.03276","31.456707"
"era-1552","13.847886","-28.24596","27.705471","-17.199753","-32.746826","34.22261","10.13923","-25.035355","31.461048"
"era-1553","13.851154","-28.252306","27.711458","-17.202082","-32.751884","34.226845","10.139943","-25.037945","31.465385"
"era-1554","13.854426","-28.258656","27.717438","-17.204378","-32.75693","34.231102","10.140658","-25.040531","31.469725"
"era-1555","13.857693","-28.265001","27.723427","-17.206701","-32.761982","34.235332","10.14137","-25.043121","31.474058"
"era-1556","13.860957","-28.271341","27.729404","-17.20902","-32.767025","34.239544","10.142076","-25.045715","31.478397"
"era-1557","13.8642235","-28.277685","27.735384","-17.211327","-32.77207","34.243744","10.142781","-25.048306","31.482735"
"era-1558","13.867486","-28.284025","27.74136","-17.213627","-32.777103","34.24795","10.143485","-25.05089","31.48707"
"era-1559","13.870753","-28.290363","27.747334","-17.215897","-32.782143","34.25218","10.144191","-25.053473","31.491404"
"era-1560","13.874013","-28.2967","27.753304","-17.218204","-32.78718","34.25636","10.144887","-25.056057","31.495737"
"era-1561","13.877271","-28.303032","27.759275","-17.220503","-32.79221","34.26056","10.145584","-25.058647","31.50007"
"era-1562","13.880529","-28.309362","27.765244","-17.222775","-32.79722","34.26475","10.146281","-25.061234","31.504402"
"era-1563","13.8837805","-28.31569","27.771214","-17.225065","-32.802227","34.268913","10.146975","-25.06382","31.508732"
"era-1564","13.8870325","-28.322014","27.777185","-17.227356","-32.807236","34.27308","10.147665","-25.066404","31.513063"
"era-1565","13.8902855","-28.32834","27.78316","-17.229647","-32.812237","34.277233","10.148356","-25.068989","31.517395"
"era-1566","13.893536","-28.334667","27.789125","-17.23193","-32.817238","34.281384","10.14904","-25.07157","31.521727"
"era-1567","13.896786","-28.340988","27.79509","-17.234194","-32.822216","34.285545","10.149729","-25.074144","31.526054"
"era-1568","13.900035","-28.34731","27.801054","-17.236465","-32.82721","34.289692","10.150413","-25.076723","31.530386"
"era-1569","13.903279","-28.353624","27.807014","-17.238726","-32.83218","34.293842","10.151096","-25.079302","31.53471"
"era-1570","13.906525","-28.35994","27.812973","-17.241","-32.837143","34.29795","10.151777","-25.081886","31.539034"
"era-1571","13.909767","-28.366251","27.818926","-17.243263","-32.842113","34.302074","10.152455","-25.084465","31.543354"
"era-1572","13.913006","-28.372557","27.824879","-17.24549","-32.84707","34.306213","10.153139","-25.087048","31.547676"
"era-1573","13.9162445","-28.378864","27.830833","-17.247757","-32.85203","34.310307","10.153812","-25.089628","31.551998"
"era-1574","13.919483","-28.38517","27.836782","-17.249992","-32.85698","34.31442","10.154486","-25.092215","31.556324"
"era-1575","13.92272","-28.391472","27.842728","-17.252243","-32.86192","34.318516","10.155158","-25.094805","31.560646"
"era-1576","13.925955","-28.397772","27.84867","-17.254484","-32.86686","34.32262","10.155828","-25.097387","31.564964"
"era-1577","13.929191","-28.404074","27.854612","-17.256727","-32.871784","34.326717","10.156498","-25.099966","31.56928"
"era-1578","13.932422","-28.41037","27.860554","-17.258966","-32.87671","34.330795","10.157161","-25.102552","31.573595"
"era-1579","13.935652","-28.416666","27.866497","-17.261192","-32.881626","34.334873","10.1578245","-25.105125","31.577911"
"era-1580","13.938882","-28.422958","27.872438","-17.263432","-32.886543","34.338932","10.158488","-25.1077","31.582228"
"era-1581","13.942108","-28.429253","27.878372","-17.26565","-32.891445","34.343","10.159149","-25.11028","31.58654"
"era-1582","13.945333","-28.43554","27.884312","-17.267866","-32.89634","34.34707","10.15981","-25.112858","31.590849"
"era-1583","13.948557","-28.441824","27.890244","-17.270096","-32.901237","34.351124","10.160465","-25.115435","31.595158"
"era-1584","13.951778","-28.448107","27.896177","-17.272305","-32.906128","34.355167","10.161124","-25.118006","31.599464"
"era-1585","13.954999","-28.454391","27.90211","-17.274523","-32.911003","34.359203","10.161781","-25.120586","31.603767"
"era-1586","13.958221","-28.460674","27.908037","-17.27673","-32.91588","34.363247","10.162437","-25.123163","31.60807"
"era-1587","13.961443","-28.466955","27.913963","-17.278929","-32.920753","34.367287","10.163091","-25.125738","31.612371"
"era-1588","13.964662","-28.473236","27.91989","-17.281124","-32.92562","34.37132","10.163743","-25.128317","31.616674"
"era-1589","13.967882","-28.479515","27.925814","-17.283333","-32.93048","34.375336","10.164392","-25.130898","31.620972"
"era-1590","13.9711","-28.485794","27.931738","-17.285532","-32.935326","34.37936","10.165036","-25.133467","31.62527"
"era-1591","13.974313","-28.492067","27.937654","-17.287714","-32.94016","34.38339","10.165682","-25.13604","31.629568"
"era-1592","13.977528","-28.498339","27.943573","-17.289915","-32.945004","34.3874","10.166323","-25.13861","31.63386"
"era-1593","13.980739","-28.504604","27.949492","-17.292105","-32.949837","34.391407","10.1669655","-25.141186","31.638155"
"era-1594","13.983946","-28.510866","27.955408","-17.294283","-32.954655","34.39541","10.167609","-25.143753","31.642448"
"era-1595","13.987151","-28.517128","27.96132","-17.29649","-32.959476","34.399384","10.168248","-25.146332","31.64674"
"era-1596","13.990357","-28.523386","27.96723","-17.298674","-32.964287","34.403378","10.168889","-25.148901","31.651033"
"era-1597","13.993563","-28.529644","27.973139","-17.300852","-32.96907","34.40736","10.16953","-25.15147","31.655323"
"era-1598","13.996768","-28.535904","27.979046","-17.30303","-32.973866","34.411343","10.170163","-25.154036","31.65961"
"era-1599","13.999974","-28.542162","27.984951","-17.305178","-32.97864","34.415337","10.170801","-25.1566","31.663895"
"era-1600","14.003174","-28.548416","27.990852","-17.307356","-32.983414","34.4193","10.171434","-25.159166","31.668182"
"era-1601","14.006374","-28.554667","27.996752","-17.309528","-32.988182","34.42326","10.172066","-25.161732","31.672466"
"era-1602","14.009577","-28.560919","28.00265","-17.31169","-32.992947","34.427216","10.172696","-25.164299","31.676746"
"era-1603","14.012774","-28.567163","28.008547","-17.31387","-32.997707","34.431164","10.1733265","-25.166862","31.681019"
"era-1604","14.015967","-28.573406","28.014442","-17.31604","-33.00245","34.435093","10.173956","-25.169434","31.685295"
"era-1605","14.019163","-28.579653","28.020336","-17.31817","-33.007187","34.439056","10.174586","-25.171995","31.689571"
"era-1606","14.022358","-28.585894","28.026224","-17.32033","-33.011925","34.442997","10.17521","-25.17456","31.693846"
"era-1607","14.025551","-28.592133","28.03211","-17.322483","-33.016647","34.446922","10.175835","-25.177126","31.698118"
"era-1608","14.028743","-28.598372","28.038","-17.324602","-33.021355","34.45087","10.176466","-25.179682","31.702393"
"era-1609","14.031935","-28.604609","28.043882","-17.326775","-33.026073","34.454777","10.177084","-25.182243","31.706661"
"era-1610","14.035122","-28.610838","28.049765","-17.32889","-33.03077","34.458706","10.177711","-25.184792","31.710932"
"era-1611","14.038307","-28.61707","28.055655","-17.331045","-33.035473","34.4626","10.178329","-25.187351","31.7152"
"era-1612","14.041493","-28.6233","28.061539","-17.333181","-33.04017","34.4665","10.178949","-25.189905","31.71947"
"era-1613","14.044679","-28.629528","28.06742","-17.335321","-33.04485","34.470398","10.17957","-25.192461","31.723734"
"era-1614","14.047863","-28.635756","28.0733","-17.337444","-33.04952","34.47431","10.180189","-25.195024","31.728"
"era-1615","14.051046","-28.641981","28.079178","-17.339575","-33.054184","34.478214","10.180807","-25.197573","31.732265"
"era-1616","14.054226","-28.648197","28.085052","-17.341696","-33.05884","34.48211","10.181421","-25.200125","31.73652"
"era-1617","14.057403","-28.654415","28.090921","-17.343805","-33.063488","34.486004","10.182041","-25.202673","31.740776"
"era-1618","14.060581","-28.660633","28.096792","-17.345926","-33.06813","34.489887","10.182653","-25.205229","31.745031"
"era-1619","14.063757","-28.666847","28.102661","-17.348053","-33.072777","34.493755","10.183269","-25.207785","31.749289"
"era-1620","14.066935","-28.673061","28.108522","-17.35015","-33.0774","34.497635","10.183883","-25.210333","31.753538"
"era-1621","14.070108","-28.67927","28.11439","-17.352268","-33.082024","34.5015","10.184498","-25.21288","31.757784"
"era-1622","14.073279","-28.68548","28.120253","-17.35438","-33.086643","34.50536","10.185107","-25.215422","31.762037"
"era-1623","14.076457","-28.691689","28.126104","-17.356464","-33.091236","34.50923","10.185724","-25.217968","31.766287"
"era-1624","14.079629","-28.69789","28.131958","-17.358566","-33.095837","34.51309","10.186334","-25.220516","31.770536"
"era-1625","14.082802","-28.704094","28.137812","-17.360674","-33.100426","34.51694","10.186947","-25.223068","31.774782"
"era-1626","14.08597","-28.710295","28.14366","-17.36278","-33.105015","34.52078","10.187554","-25.225618","31.779022"
"era-1627","14.089136","-28.71649","28.149508","-17.364893","-33.109585","34.524612","10.188165","-25.228163","31.783257"
"era-1628","14.092301","-28.722685","28.15536","-17.366993","-33.11416","34.528454","10.188774","-25.23071","31.787493"
"era-1629","14.095468","-28.72888","28.161211","-17.36908","-33.118713","34.5323","10.189381","-25.233246","31.791727"
"era-1630","14.098628","-28.73507","28.167059","-17.371174","-33.12328","34.536133","10.189986","-25.235779","31.795958"
"era-1631","14.1017885","-28.74126","28.172905","-17.37327","-33.127823","34.539963","10.190588","-25.238314","31.80019"
"era-1632","14.104953","-28.74745","28.178747","-17.375387","-33.132362","34.543774","10.191188","-25.240854","31.80441"
"era-1633","14.108114","-28.75364","28.18459","-17.377447","-33.136887","34.547615","10.19179","-25.24338","31.80863"
"era-1634","14.111271","-28.759823","28.190428","-17.379517","-33.14141","34.55144","10.192394","-25.245909","31.812853"
"era-1635","14.114428","-28.766005","28.196268","-17.381632","-33.14594","34.555233","10.192989","-25.24844","31.81707"
"era-1636","14.117584","-28.772184","28.202105","-17.383713","-33.15046","34.55904","10.193592","-25.25097","31.82129"
"era-1637","14.120738","-28.778364","28.20794","-17.385805","-33.15496","34.562847","10.194186","-25.2535","31.82551"
"era-1638","14.123891","-28.784542","28.21378","-17.387863","-33.159462","34.56666","10.194789","-25.256025","31.829727"
"era-1639","14.127042","-28.790716","28.219612","-17.389923","-33.163944","34.570465","10.195387","-25.258549","31.833942"
"era-1640","14.130193","-28.796888","28.225449","-17.392012","-33.168434","34.57424","10.195984","-25.26108","31.838156"
"era-1641","14.133341","-28.80306","28.23128","-17.394072","-33.17291","34.578037","10.196584","-25.263605","31.842363"
"era-1642","14.136491","-28.809229","28.237112","-17.39614","-33.17737","34.581814","10.197176","-25.266132","31.846575"
"era-1643","14.139634","-28.815395","28.242943","-17.398197","-33.18183","34.585606","10.197772","-25.268663","31.850779"
"era-1644","14.142779","-28.821562","28.248768","-17.400282","-33.186287","34.589363","10.198363","-25.271194","31.854977"
"era-1645","14.145924","-28.827724","28.254591","-17.402327","-33.190716","34.593147","10.198956","-25.273718","31.85918"
"era-1646","14.149071","-28.833887","28.26041","-17.404366","-33.19514","34.59693","10.199547","-25.276243","31.86338"
"era-1647","14.152213","-28.840048","28.266228","-17.406435","-33.19957","34.600697","10.20014","-25.278769","31.86757"
"era-1648","14.155354","-28.846203","28.272045","-17.408485","-33.203987","34.604454","10.200736","-25.281298","31.87176"
"era-1649","14.158493","-28.852358","28.277863","-17.410536","-33.208397","34.60822","10.20133","-25.283821","31.87595"
"era-1650","14.161631","-28.858507","28.283672","-17.412592","-33.212803","34.611965","10.201919","-25.286345","31.880136"
"era-1651","14.164768","-28.86466","28.289482","-17.41464","-33.2172","34.615707","10.202508","-25.288864","31.884323"
"era-1652","14.167901","-28.870802","28.295292","-17.416714","-33.221607","34.619427","10.203096","-25.29139","31.888506"
"era-1653","14.171037","-28.876951","28.301096","-17.418734","-33.225983","34.623203","10.203688","-25.293905","31.89269"
"era-1654","14.1741705","-28.883095","28.306902","-17.420776","-33.230373","34.62695","10.204276","-25.296417","31.896864"
"era-1655","14.177302","-28.889235","28.312702","-17.422829","-33.234745","34.630672","10.204865","-25.298923","31.901043"
"era-1656","14.180432","-28.895374","28.318506","-17.424849","-33.23911","34.634422","10.205457","-25.301434","31.905216"
"era-1657","14.183562","-28.90151","28.324306","-17.426895","-33.243473","34.638153","10.206046","-25.30394","31.909388"
"era-1658","14.186689","-28.90764","28.330107","-17.428953","-33.247826","34.641865","10.206632","-25.30645","31.913555"
"era-1659","14.189816","-28.913778","28.335903","-17.430975","-33.25217","34.645584","10.207215","-25.308956","31.917719"
"era-1660","14.192944","-28.919907","28.341692","-17.433004","-33.256504","34.64929","10.207803","-25.311457","31.92188"
"era-1661","14.196071","-28.926037","28.347483","-17.435051","-33.26083","34.652985","10.208388","-25.313963","31.926039"
"era-1662","14.199191","-28.932163","28.353273","-17.437069","-33.265156","34.656685","10.208975","-25.316463","31.930193"
"era-1663","14.202314","-28.938288","28.35906","-17.439089","-33.269463","34.660393","10.20956","-25.318968","31.934347"
"era-1664","14.205434","-28.944408","28.36485","-17.44114","-33.27378","34.66407","10.210138","-25.321472","31.938498"
"era-1665","14.208555","-28.950527","28.37063","-17.443142","-33.27808","34.667774","10.210728","-25.323975","31.942648"
"era-1666","14.211675","-28.95665","28.376413","-17.44515","-33.28237","34.671467","10.211312","-25.326477","31.946796"
"era-1667","14.214794","-28.962772","28.382195","-17.447168","-33.286663","34.67515","10.211893","-25.328985","31.95094"
"era-1668","14.217914","-28.96889","28.387972","-17.44918","-33.29094","34.678837","10.212475","-25.33149","31.955076"
"era-1669","14.22103","-28.975004","28.393751","-17.451189","-33.295208","34.682518","10.213058","-25.33399","31.959213"
"era-1670","14.224148","-28.981121","28.399534","-17.453207","-33.29948","34.68619","10.213641","-25.33649","31.96335"
"era-1671","14.227262","-28.987228","28.405306","-17.455227","-33.30374","34.689857","10.214222","-25.338999","31.967485"
"era-1672","14.230373","-28.993338","28.411077","-17.457235","-33.308002","34.69353","10.214805","-25.341497","31.971619"
"era-1673","14.233484","-28.999441","28.416853","-17.459217","-33.312244","34.697197","10.215388","-25.343988","31.975752"
"era-1674","14.236594","-29.005545","28.422625","-17.461224","-33.316494","34.700855","10.215969","-25.346481","31.979877"
"era-1675","14.239704","-29.01165","28.428392","-17.463215","-33.320732","34.704525","10.21655","-25.348969","31.984005"
"era-1676","14.242812","-29.017752","28.434162","-17.465246","-33.324974","34.708164","10.217124","-25.351461","31.988127"
"era-1677","14.24592","-29.023848","28.43992","-17.467243","-33.329193","34.711826","10.217704","-25.353952","31.992252"
"era-1678","14.249024","-29.029942","28.44568","-17.46924","-33.333416","34.71547","10.218282","-25.356441","31.996368"
"era-1679","14.252129","-29.036037","28.451443","-17.471228","-33.33762","34.71912","10.218859","-25.358934","32.000484"
"era-1680","14.255233","-29.042131","28.457201","-17.473236","-33.341843","34.722744","10.219433","-25.361425","32.0046"
"era-1681","14.258335","-29.048222","28.462961","-17.475218","-33.346058","34.726395","10.220011","-25.363909","32.008717"
"era-1682","14.261434","-29.054304","28.468714","-17.477203","-33.35025","34.73003","10.2205925","-25.3664","32.012825"
"era-1683","14.264534","-29.06039","28.474464","-17.479193","-33.354435","34.733654","10.2211685","-25.368877","32.01693"
"era-1684","14.267632","-29.066473","28.480215","-17.48118","-33.35862","34.73727","10.221741","-25.37136","32.021034"
"era-1685","14.270729","-29.072556","28.485968","-17.483175","-33.362797","34.74089","10.222319","-25.373842","32.02514"
"era-1686","14.2738285","-29.07864","28.491716","-17.485147","-33.36696","34.744522","10.222897","-25.376324","32.029243"
"era-1687","14.276927","-29.08472","28.497458","-17.487106","-33.371117","34.748146","10.22348","-25.378803","32.033337"
"era-1688","14.280025","-29.090794","28.503199","-17.489073","-33.375267","34.751762","10.224056","-25.381273","32.037426"
"era-1689","14.283116","-29.096867","28.508938","-17.491076","-33.379433","34.755344","10.2246275","-25.383755","32.04152"
"era-1690","14.286204","-29.102936","28.514679","-17.493052","-33.38358","34.75894","10.225198","-25.386227","32.0456"
"era-1691","14.289297","-29.109005","28.520414","-17.495008","-33.387726","34.76254","10.225775","-25.388693","32.04969"
"era-1692","14.292385","-29.11507","28.526152","-17.496977","-33.391857","34.76613","10.226351","-25.391167","32.05378"
"era-1693","14.295472","-29.121134","28.531889","-17.498951","-33.39599","34.76972","10.226931","-25.393637","32.05786"
"era-1694","14.298557","-29.127195","28.537622","-17.500923","-33.40011","34.77328","10.227503","-25.396107","32.06194"
"era-1695","14.301641","-29.133253","28.543354","-17.502865","-33.404224","34.77688","10.228083","-25.398575","32.06602"
"era-1696","14.304725","-29.13931","28.549086","-17.504827","-33.408344","34.780437","10.228657","-25.401041","32.0701"
"era-1697","14.307805","-29.145363","28.55481","-17.506771","-33.412453","34.784023","10.229231","-25.403496","32.074177"
"era-1698","14.310885","-29.151411","28.560532","-17.50873","-33.41655","34.787594","10.2298","-25.405952","32.078255"
"era-1699","14.313965","-29.15746","28.566254","-17.510696","-33.420654","34.79115","10.230372","-25.408417","32.08232"
"era-1700","14.317042","-29.16351","28.571974","-17.512642","-33.424747","34.794712","10.230944","-25.410873","32.08639"
"era-1701","14.320122","-29.169554","28.577688","-17.51462","-33.42885","34.79826","10.231514","-25.41334","32.090454"
"era-1702","14.323199","-29.175602","28.583406","-17.516558","-33.432926","34.80183","10.232088","-25.415798","32.09452"
"era-1703","14.326275","-29.181644","28.589123","-17.518517","-33.437","34.805367","10.232657","-25.41826","32.098564"
"era-1704","14.329353","-29.187689","28.594835","-17.520445","-33.44105","34.808926","10.233228","-25.420713","32.10261"
"era-1705","14.332428","-29.19373","28.600544","-17.522379","-33.445103","34.812477","10.233799","-25.423162","32.106655"
"era-1706","14.335502","-29.199768","28.606253","-17.524345","-33.449158","34.816017","10.234365","-25.42562","32.110695"
"era-1707","14.338575","-29.205807","28.611961","-17.526283","-33.453205","34.819553","10.234932","-25.428068","32.114742"
"era-1708","14.341645","-29.211842","28.61767","-17.528221","-33.45725","34.823086","10.235501","-25.430513","32.118782"
"era-1709","14.344714","-29.21787","28.623375","-17.530169","-33.461277","34.82661","10.236067","-25.432957","32.122818"
"era-1710","14.347783","-29.223904","28.62908","-17.53212","-33.46531","34.830128","10.236635","-25.435413","32.12685"
"era-1711","14.350853","-29.229935","28.634779","-17.53405","-33.469334","34.83366","10.237207","-25.437864","32.130882"
"era-1712","14.353923","-29.235962","28.640476","-17.535978","-33.47336","34.83719","10.237775","-25.44031","32.134914"
"era-1713","14.356988","-29.241985","28.64617","-17.537912","-33.47737","34.840702","10.238341","-25.442749","32.138935"
"era-1714","14.360052","-29.248005","28.651861","-17.539833","-33.48138","34.844215","10.238913","-25.44519","32.142963"
"era-1715","14.363119","-29.254025","28.657553","-17.541775","-33.485382","34.847725","10.23948","-25.447628","32.146988"
"era-1716","14.36618","-29.260042","28.663244","-17.543705","-33.489384","34.851227","10.24005","-25.450068","32.151005"
"era-1717","14.369243","-29.26606","28.66894","-17.545616","-33.49337","34.85474","10.240621","-25.452503","32.15503"
"era-1718","14.372306","-29.272076","28.674623","-17.547537","-33.497345","34.85824","10.24119","-25.454935","32.159042"
"era-1719","14.375365","-29.27809","28.680311","-17.549465","-33.501343","34.86173","10.241758","-25.457369","32.163048"
"era-1720","14.37842","-29.284098","28.686","-17.55139","-33.50533","34.865215","10.242327","-25.4598","32.167053"
"era-1721","14.381476","-29.290104","28.691687","-17.553305","-33.509315","34.86871","10.24289","-25.462233","32.171062"
"era-1722","14.384531","-29.29611","28.697376","-17.555218","-33.513287","34.87219","10.243459","-25.464666","32.175064"
"era-1723","14.387584","-29.302113","28.70306","-17.557144","-33.51726","34.87566","10.244024","-25.467096","32.179054"
"era-1724","14.390639","-29.30812","28.708744","-17.55905","-33.52122","34.879135","10.244591","-25.469524","32.183052"
"era-1725","14.393694","-29.314127","28.714424","-17.560955","-33.525177","34.88261","10.24516","-25.471945","32.187046"
"era-1726","14.396747","-29.320124","28.720098","-17.56286","-33.52912","34.88608","10.245726","-25.474365","32.19104"
"era-1727","14.399798","-29.326124","28.725775","-17.564766","-33.533062","34.889545","10.246295","-25.476786","32.19503"
"era-1728","14.402848","-29.332119","28.731453","-17.566654","-33.53699","34.893017","10.246869","-25.4792","32.199013"
"era-1729","14.4059","-29.338116","28.737127","-17.568562","-33.540916","34.89646","10.247437","-25.48162","32.20299"
"era-1730","14.408946","-29.344105","28.7428","-17.570457","-33.544846","34.899918","10.248003","-25.484035","32.20697"
"era-1731","14.411991","-29.350094","28.748466","-17.572357","-33.54877","34.90336","10.248569","-25.486448","32.21094"
"era-1732","14.41504","-29.356087","28.754139","-17.574257","-33.552685","34.906807","10.249138","-25.488863","32.21492"
"era-1733","14.418091","-29.36208","28.759808","-17.576149","-33.5566","34.910263","10.249707","-25.491276","32.21889"
"era-1734","14.421136","-29.368067","28.765476","-17.57804","-33.560513","34.913692","10.250275","-25.493687","32.222855"
"era-1735","14.424182","-29.374054","28.77114","-17.579931","-33.56441","34.91712","10.250841","-25.496098","32.22681"
"era-1736","14.427224","-29.380037","28.776804","-17.581818","-33.56831","34.920555","10.251409","-25.498508","32.23077"
"era-1737","14.430268","-29.386017","28.782461","-17.583704","-33.572205","34.923996","10.251979","-25.500923","32.234734"
"era-1738","14.433309","-29.391996","28.788116","-17.585594","-33.576103","34.927433","10.252549","-25.503334","32.238686"
"era-1739","14.436353","-29.39798","28.793777","-17.58748","-33.57999","34.93086","10.2531185","-25.505743","32.24263"
"era-1740","14.439394","-29.403955","28.799429","-17.589373","-33.583874","34.934284","10.253687","-25.508152","32.246586"
"era-1741","14.4424305","-29.409924","28.80508","-17.591251","-33.58775","34.9377","10.254254","-25.510551","32.250538"
"era-1742","14.445467","-29.415894","28.810734","-17.593115","-33.591614","34.941124","10.254825","-25.512947","32.25449"
"era-1743","14.448504","-29.421865","28.816383","-17.594995","-33.595486","34.94451","10.255393","-25.51536","32.258434"
"era-1744","14.451537","-29.427832","28.822033","-17.596844","-33.599354","34.94793","10.255963","-25.51776","32.262375"
"era-1745","14.454575","-29.433804","28.827684","-17.598719","-33.603214","34.951332","10.256532","-25.520163","32.266315"
"era-1746","14.457603","-29.439764","28.833328","-17.600618","-33.60708","34.954723","10.257097","-25.522566","32.270252"
"era-1747","14.460634","-29.445726","28.838976","-17.602488","-33.610916","34.95813","10.257664","-25.52496","32.274185"
"era-1748","14.463666","-29.451683","28.84462","-17.60436","-33.614754","34.96152","10.258234","-25.527353","32.27811"
"era-1749","14.466699","-29.457645","28.85026","-17.606243","-33.61859","34.964905","10.258802","-25.529749","32.282032"
"era-1750","14.4697275","-29.463602","28.855904","-17.608093","-33.622414","34.968304","10.259373","-25.532137","32.28595"
"era-1751","14.472754","-29.469559","28.861542","-17.609966","-33.62624","34.971676","10.259933","-25.534529","32.28987"
"era-1752","14.475785","-29.475515","28.86718","-17.611813","-33.630047","34.975067","10.260505","-25.536913","32.29379"
"era-1753","14.47881","-29.481466","28.87281","-17.613682","-33.633858","34.97843","10.261072","-25.539303","32.297714"
"era-1754","14.481836","-29.487413","28.878445","-17.615528","-33.63767","34.9818","10.261642","-25.541676","32.30162"
"era-1755","14.484859","-29.493362","28.884079","-17.617376","-33.64147","34.98517","10.262213","-25.544052","32.305527"
"era-1756","14.487883","-29.499306","28.889713","-17.61923","-33.645267","34.988525","10.262781","-25.54644","32.309425"
"era-1757","14.490906","-29.505249","28.895338","-17.621105","-33.64907","34.991867","10.263348","-25.548828","32.313328"
"era-1758","14.49393","-29.511194","28.900959","-17.622927","-33.65285","34.995247","10.26392","-25.551205","32.317226"
"era-1759","14.496948","-29.517132","28.906588","-17.624796","-33.656647","34.998585","10.264492","-25.55359","32.32112"
"era-1760","14.499967","-29.523066","28.912209","-17.62663","-33.660427","35.001953","10.265064","-25.55597","32.325016"
"era-1761","14.502983","-29.529001","28.917831","-17.628473","-33.664204","35.0053","10.265638","-25.558344","32.32891"
"era-1762","14.506001","-29.534937","28.92345","-17.630306","-33.667976","35.00865","10.266212","-25.560722","32.332794"
"era-1763","14.509018","-29.540867","28.929064","-17.632158","-33.671745","35.011982","10.266784","-25.563097","32.336674"
"era-1764","14.512035","-29.546799","28.934677","-17.634","-33.675514","35.015312","10.267353","-25.565477","32.34056"
"era-1765","14.515057","-29.552736","28.940292","-17.635824","-33.679276","35.018658","10.26793","-25.567848","32.34445"
"era-1766","14.518075","-29.558668","28.94591","-17.637667","-33.683033","35.02199","10.268506","-25.570217","32.348335"
"era-1767","14.521088","-29.564589","28.951525","-17.639507","-33.686783","35.02532","10.269081","-25.57259","32.352222"
"era-1768","14.524098","-29.570513","28.957138","-17.64133","-33.690533","35.02865","10.269658","-25.574955","32.356102"
"era-1769","14.52711","-29.576435","28.962746","-17.643156","-33.694275","35.031967","10.270234","-25.577326","32.359974"
"era-1770","14.53012","-29.582355","28.968351","-17.644987","-33.69802","35.035282","10.270808","-25.579697","32.363846"
"era-1771","14.533132","-29.588274","28.973959","-17.646812","-33.70176","35.03861","10.27138","-25.582062","32.36771"
"era-1772","14.536142","-29.594194","28.97956","-17.64864","-33.705482","35.041924","10.271955","-25.584429","32.371574"
"era-1773","14.539151","-29.60011","28.985165","-17.650461","-33.7092","35.045235","10.272531","-25.586786","32.375443"
"era-1774","14.542158","-29.606024","28.990768","-17.652296","-33.71292","35.048534","10.273104","-25.589146","32.379307"
"era-1775","14.545168","-29.611942","28.99637","-17.654127","-33.716633","35.051834","10.273676","-25.591497","32.383163"
"era-1776","14.548177","-29.617857","29.001972","-17.655935","-33.720345","35.05513","10.274251","-25.593855","32.387028"
"era-1777","14.55118","-29.623766","29.007574","-17.657745","-33.72406","35.058422","10.274826","-25.596212","32.390884"
"era-1778","14.554183","-29.629671","29.013172","-17.659561","-33.727764","35.06171","10.275404","-25.598564","32.394737"
"era-1779","14.557186","-29.635574","29.018764","-17.661362","-33.73145","35.065006","10.275983","-25.600916","32.398582"
"era-1780","14.560188","-29.641478","29.024359","-17.663183","-33.73514","35.068287","10.276556","-25.603268","32.402412"
"era-1781","14.563189","-29.647377","29.029943","-17.664995","-33.738834","35.07158","10.277133","-25.605623","32.40625"
"era-1782","14.566188","-29.653275","29.035528","-17.666817","-33.742527","35.074856","10.277711","-25.607977","32.410084"
"era-1783","14.569186","-29.65917","29.04112","-17.668627","-33.74622","35.07814","10.278286","-25.610323","32.413914"
"era-1784","14.5721855","-29.66507","29.046703","-17.670416","-33.749897","35.081432","10.278865","-25.61267","32.417744"
"era-1785","14.575183","-29.670965","29.052284","-17.672226","-33.75358","35.0847","10.279442","-25.615023","32.42157"
"era-1786","14.578182","-29.676859","29.057861","-17.67404","-33.75725","35.087963","10.280018","-25.617369","32.425392"
"era-1787","14.581177","-29.682745","29.063438","-17.675844","-33.760914","35.091236","10.280595","-25.619713","32.42922"
"era-1788","14.584172","-29.688633","29.069016","-17.67764","-33.764576","35.0945","10.28117","-25.622053","32.433037"
"era-1789","14.587166","-29.694523","29.074594","-17.679432","-33.76824","35.097755","10.281751","-25.624393","32.436855"
"era-1790","14.590157","-29.700405","29.080177","-17.681211","-33.771893","35.10102","10.282333","-25.62673","32.44067"
"era-1791","14.593146","-29.706287","29.08575","-17.683004","-33.775555","35.104286","10.28291","-25.629066","32.44449"
"era-1792","14.596134","-29.712166","29.091322","-17.684793","-33.77919","35.107536","10.283485","-25.631405","32.448296"
"era-1793","14.599126","-29.718048","29.096897","-17.686596","-33.782837","35.11078","10.284059","-25.63374","32.452103"
"era-1794","14.602112","-29.723923","29.102467","-17.688372","-33.786476","35.114037","10.284637","-25.636065","32.45591"
"era-1795","14.605098","-29.729794","29.10803","-17.690168","-33.79011","35.117268","10.285212","-25.638395","32.459717"
"era-1796","14.608084","-29.735666","29.113592","-17.69195","-33.793736","35.12051","10.285791","-25.640732","32.46352"
"era-1797","14.611071","-29.741537","29.119154","-17.693724","-33.79736","35.123737","10.28637","-25.643074","32.467316"
"era-1798","14.614055","-29.74741","29.124718","-17.695517","-33.80098","35.12696","10.286946","-25.645409","32.471115"
"era-1799","14.617036","-29.753275","29.13028","-17.69728","-33.804596","35.1302","10.287523","-25.647745","32.474903"
"era-1800","14.620017","-29.759142","29.135841","-17.699062","-33.808228","35.133427","10.2881","-25.650082","32.478703"
"era-1801","14.622998","-29.765005","29.141394","-17.700834","-33.81185","35.136646","10.288676","-25.652412","32.482487"
"era-1802","14.625979","-29.770872","29.14695","-17.702602","-33.815464","35.139877","10.289255","-25.654736","32.486275"
"era-1803","14.628961","-29.776733","29.152506","-17.704374","-33.819065","35.143093","10.289834","-25.657059","32.49005"
"era-1804","14.631939","-29.782587","29.158056","-17.706144","-33.82267","35.146317","10.290416","-25.65938","32.49383"
"era-1805","14.634917","-29.788446","29.163609","-17.707916","-33.826263","35.149517","10.290994","-25.661705","32.497604"
"era-1806","14.637896","-29.794306","29.169159","-17.70968","-33.82985","35.15274","10.291568","-25.66402","32.50138"
"era-1807","14.640872","-29.800158","29.174706","-17.711452","-33.833443","35.155952","10.292147","-25.66634","32.505154"
"era-1808","14.643847","-29.806011","29.180252","-17.713203","-33.83702","35.159157","10.292725","-25.66866","32.508923"
"era-1809","14.646823","-29.811865","29.1858","-17.714973","-33.8406","35.162354","10.2933035","-25.670979","32.512695"
"era-1810","14.6497965","-29.817715","29.191347","-17.716722","-33.844173","35.165554","10.293884","-25.673292","32.516464"
"era-1811","14.652766","-29.823559","29.196892","-17.718472","-33.847733","35.168747","10.294464","-25.675598","32.520214"
"era-1812","14.655741","-29.829405","29.202429","-17.72024","-33.851295","35.17192","10.295042","-25.677906","32.523964"
"era-1813","14.658711","-29.835247","29.207966","-17.721981","-33.854843","35.17512","10.295623","-25.680212","32.527718"
"era-1814","14.661683","-29.841093","29.213503","-17.723751","-33.858395","35.1783","10.296199","-25.682524","32.531467"
"era-1815","14.664651","-29.846933","29.219044","-17.7255","-33.861942","35.18148","10.296781","-25.684837","32.53521"
"era-1816","14.667623","-29.852777","29.224585","-17.727243","-33.865486","35.18466","10.297363","-25.68714","32.538944"
"era-1817","14.670589","-29.858618","29.230124","-17.729004","-33.869038","35.187843","10.297941","-25.68944","32.54268"
"era-1818","14.673558","-29.864452","29.235655","-17.730743","-33.87258","35.191025","10.29852","-25.69174","32.54641"
"era-1819","14.676522","-29.870287","29.241186","-17.732477","-33.876114","35.194202","10.299108","-25.694048","32.550137"
"era-1820","14.679487","-29.876118","29.246717","-17.734226","-33.879642","35.197357","10.299691","-25.69635","32.553852"
"era-1821","14.682452","-29.881947","29.25225","-17.735966","-33.88318","35.200527","10.300274","-25.698645","32.557575"
"era-1822","14.685415","-29.887777","29.257776","-17.73769","-33.8867","35.203697","10.300856","-25.70094","32.56129"
"era-1823","14.688378","-29.893606","29.263298","-17.739437","-33.890224","35.206837","10.301438","-25.703245","32.56501"
"era-1824","14.6913395","-29.89943","29.268824","-17.741154","-33.89374","35.21","10.302028","-25.705544","32.568726"
"era-1825","14.694299","-29.905252","29.274345","-17.742876","-33.897243","35.213154","10.302613","-25.707834","32.572437"
"era-1826","14.697257","-29.911076","29.279875","-17.744612","-33.900757","35.21629","10.303196","-25.710127","32.57614"
"era-1827","14.700219","-29.9169","29.285397","-17.746332","-33.904255","35.219433","10.303783","-25.712412","32.57985"
"era-1828","14.703179","-29.922718","29.290916","-17.748049","-33.907745","35.222572","10.304372","-25.714703","32.583557"
"era-1829","14.706136","-29.928535","29.296434","-17.749796","-33.911247","35.225693","10.304954","-25.71699","32.58726"
"era-1830","14.709093","-29.934353","29.301952","-17.751507","-33.91474","35.228836","10.30554","-25.719273","32.590954"
"era-1831","14.7120495","-29.940168","29.307472","-17.75322","-33.918232","35.231976","10.306128","-25.721554","32.594646"
"era-1832","14.715005","-29.945988","29.31299","-17.754934","-33.92171","35.23511","10.306714","-25.723845","32.598335"
"era-1833","14.717961","-29.9518","29.3185","-17.75665","-33.925186","35.238243","10.3073","-25.726126","32.602024"
"era-1834","14.720913","-29.957607","29.324009","-17.758373","-33.928658","35.241367","10.307884","-25.728415","32.605713"
"era-1835","14.723866","-29.963413","29.329515","-17.760084","-33.93213","35.244488","10.308474","-25.730703","32.609398"
"era-1836","14.726818","-29.96922","29.335022","-17.761793","-33.93559","35.24761","10.309062","-25.732988","32.61309"
"era-1837","14.729766","-29.97502","29.340525","-17.763504","-33.93905","35.250717","10.309649","-25.735275","32.616776"
"era-1838","14.732717","-29.980824","29.346027","-17.765203","-33.94251","35.253834","10.310238","-25.737564","32.620453"
"era-1839","14.735666","-29.986624","29.351526","-17.766905","-33.94596","35.256943","10.310829","-25.739843","32.62413"
"era-1840","14.738614","-29.99242","29.357025","-17.768618","-33.9494","35.260044","10.311416","-25.742125","32.627804"
"era-1841","14.741559","-29.998219","29.362524","-17.770317","-33.95285","35.263153","10.312006","-25.744402","32.63147"
"era-1842","14.744509","-30.004015","29.368021","-17.77204","-33.9563","35.266247","10.312591","-25.746677","32.635136"
"era-1843","14.747458","-30.009811","29.373512","-17.77372","-33.959732","35.269363","10.313179","-25.748947","32.638805"
"era-1844","14.750402","-30.015606","29.379007","-17.775421","-33.96317","35.27246","10.3137665","-25.751215","32.642464"
"era-1845","14.753346","-30.021397","29.384502","-17.777107","-33.966602","35.275566","10.31436","-25.753489","32.64612"
"era-1846","14.756289","-30.027187","29.389996","-17.77882","-33.97003","35.278645","10.314946","-25.755756","32.649776"
"era-1847","14.759232","-30.032974","29.395483","-17.780508","-33.973457","35.281734","10.315536","-25.758028","32.653435"
"era-1848","14.762176","-30.038763","29.400969","-17.782192","-33.97688","35.284817","10.316128","-25.7603","32.657097"
"era-1849","14.765119","-30.044548","29.406458","-17.783861","-33.980286","35.28789","10.316718","-25.76256","32.660755"
"era-1850","14.768057","-30.050325","29.411942","-17.785536","-33.983692","35.290966","10.317311","-25.76483","32.66442"
"era-1851","14.770991","-30.056105","29.417429","-17.787222","-33.987106","35.294037","10.3179035","-25.7671","32.668076"
"era-1852","14.773931","-30.061886","29.422915","-17.788908","-33.990513","35.2971","10.318491","-25.769365","32.67172"
"era-1853","14.776869","-30.067665","29.428396","-17.79058","-33.99391","35.300167","10.319084","-25.77163","32.67536"
"era-1854","14.779804","-30.07344","29.433874","-17.792252","-33.9973","35.303238","10.319678","-25.773886","32.679005"
"era-1855","14.782739","-30.07921","29.439354","-17.793934","-34.000694","35.306293","10.320276","-25.776142","32.68265"
"era-1856","14.785673","-30.084984","29.444834","-17.795607","-34.004074","35.309353","10.3208685","-25.7784","32.6863"
"era-1857","14.7886095","-30.090757","29.450308","-17.797277","-34.00746","35.31241","10.321463","-25.78065","32.689934"
"era-1858","14.791545","-30.096529","29.455784","-17.798952","-34.010845","35.315456","10.322059","-25.782904","32.69356"
"era-1859","14.794477","-30.102299","29.461256","-17.800615","-34.01421","35.318512","10.322658","-25.785156","32.69719"
"era-1860","14.797407","-30.108059","29.466726","-17.80228","-34.017582","35.321568","10.323249","-25.787415","32.700813"
"era-1861","14.800336","-30.113825","29.472198","-17.803946","-34.02095","35.324596","10.323844","-25.789665","32.704437"
"era-1862","14.803266","-30.119589","29.477673","-17.805592","-34.024315","35.32765","10.32444","-25.791914","32.70807"
"era-1863","14.806197","-30.125353","29.483145","-17.807245","-34.027683","35.330685","10.325039","-25.794159","32.71169"
"era-1864","14.809126","-30.131111","29.488611","-17.808905","-34.031048","35.333717","10.325637","-25.796404","32.71531"
"era-1865","14.812053","-30.136868","29.494076","-17.81056","-34.034416","35.33675","10.326235","-25.798647","32.718918"
"era-1866","14.814982","-30.142628","29.499538","-17.812202","-34.037773","35.33978","10.326835","-25.800892","32.722527"
"era-1867","14.817914","-30.148388","29.505003","-17.813852","-34.041126","35.342808","10.327435","-25.803127","32.72614"
"era-1868","14.82084","-30.154144","29.510464","-17.81551","-34.04448","35.345818","10.328033","-25.805368","32.729744"
"era-1869","14.823764","-30.159893","29.515923","-17.817152","-34.047825","35.348835","10.328634","-25.80761","32.733345"
"era-1870","14.826684","-30.165638","29.521381","-17.818804","-34.05117","35.351864","10.329233","-25.80985","32.736942"
"era-1871","14.829605","-30.171387","29.526836","-17.820435","-34.0545","35.354893","10.329835","-25.812084","32.740543"
"era-1872","14.832529","-30.177134","29.532291","-17.822083","-34.057842","35.357903","10.330435","-25.81432","32.744144"
"era-1873","14.835451","-30.18288","29.537745","-17.823732","-34.061165","35.360905","10.331034","-25.81656","32.747738"
"era-1874","14.838376","-30.188627","29.543196","-17.825363","-34.06448","35.363914","10.331635","-25.8188","32.751324"
"era-1875","14.841295","-30.194374","29.548645","-17.827003","-34.0678","35.36692","10.332235","-25.821037","32.75491"
"era-1876","14.844217","-30.200117","29.554098","-17.828646","-34.07111","35.369923","10.332833","-25.823275","32.758495"
"era-1877","14.8471365","-30.20586","29.559546","-17.830278","-34.074417","35.37293","10.333432","-25.825506","32.762074"
"era-1878","14.850055","-30.2116","29.56499","-17.831923","-34.077724","35.37592","10.33403","-25.82774","32.76565"
"era-1879","14.852971","-30.217333","29.570438","-17.833534","-34.081013","35.37893","10.334634","-25.829967","32.76923"
"era-1880","14.855887","-30.223072","29.575884","-17.83517","-34.084328","35.381912","10.335234","-25.832201","32.772808"
"era-1881","14.8588","-30.2288","29.581327","-17.836802","-34.087635","35.38489","10.3358345","-25.834427","32.776375"
"era-1882","14.861713","-30.234537","29.586773","-17.83842","-34.090935","35.38788","10.336433","-25.836645","32.779953"
"era-1883","14.864627","-30.240265","29.592216","-17.840044","-34.09423","35.39087","10.337033","-25.83887","32.783524"
"era-1884","14.867539","-30.245995","29.597652","-17.841673","-34.097523","35.393845","10.337633","-25.841093","32.787094"
"era-1885","14.87045","-30.251722","29.603096","-17.843285","-34.100803","35.396824","10.338235","-25.843315","32.790657"
"era-1886","14.873361","-30.257454","29.608534","-17.8449","-34.104084","35.399807","10.338838","-25.845543","32.794212"
"era-1887","14.876271","-30.263176","29.61397","-17.846516","-34.107365","35.402782","10.339439","-25.847763","32.797768"
"era-1888","14.879183","-30.268902","29.6194","-17.848122","-34.110638","35.40575","10.340042","-25.849985","32.801327"
"era-1889","14.882094","-30.274626","29.624834","-17.84974","-34.11391","35.408703","10.340641","-25.852207","32.80488"
"era-1890","14.885003","-30.280348","29.630266","-17.851332","-34.117176","35.411674","10.341246","-25.854424","32.808426"
"era-1891","14.887912","-30.286066","29.635696","-17.852934","-34.120426","35.41463","10.341849","-25.856634","32.811974"
"era-1892","14.890819","-30.291784","29.641125","-17.854546","-34.123688","35.41758","10.342454","-25.858845","32.81552"
"era-1893","14.8937235","-30.297499","29.646557","-17.856153","-34.12694","35.42053","10.343057","-25.86106","32.819065"
"era-1894","14.896627","-30.303213","29.651985","-17.857748","-34.130188","35.423492","10.343661","-25.863276","32.82261"
"era-1895","14.899533","-30.308926","29.657413","-17.859346","-34.13343","35.42644","10.344268","-25.865482","32.82615"
"era-1896","14.902435","-30.314634","29.662832","-17.860956","-34.13668","35.429382","10.344873","-25.86769","32.829693"
"era-1897","14.905339","-30.320341","29.668253","-17.862547","-34.139923","35.432327","10.345479","-25.869892","32.83323"
"era-1898","14.908238","-30.326046","29.673672","-17.864141","-34.143166","35.435272","10.346085","-25.872097","32.836754"
"era-1899","14.911139","-30.331749","29.679083","-17.865738","-34.146408","35.438217","10.346692","-25.874304","32.840282"
"era-1900","14.914039","-30.33745","29.684494","-17.867332","-34.14965","35.441154","10.347297","-25.876505","32.843815"
"era-1901","14.916935","-30.343151","29.689913","-17.868925","-34.15288","35.444084","10.347903","-25.878706","32.847343"
"era-1902","14.919832","-30.348852","29.695332","-17.870508","-34.1561","35.447025","10.348511","-25.880905","32.850864"
"era-1903","14.922728","-30.354548","29.700745","-17.872105","-34.159325","35.449955","10.34912","-25.88311","32.854385"
"era-1904","14.925627","-30.360249","29.706158","-17.873692","-34.162548","35.452892","10.349723","-25.88531","32.857906"
"era-1905","14.92852","-30.365946","29.711569","-17.875284","-34.16577","35.455822","10.350328","-25.887508","32.861423"
"era-1906","14.9314165","-30.371641","29.716982","-17.87686","-34.168983","35.458748","10.350936","-25.889704","32.864933"
"era-1907","14.934314","-30.377338","29.722387","-17.87844","-34.1722","35.461674","10.351541","-25.891897","32.868435"
"era-1908","14.937207","-30.383028","29.727795","-17.880024","-34.175404","35.464592","10.35215","-25.894094","32.87194"
"era-1909","14.9401","-30.388721","29.733204","-17.881607","-34.17861","35.46751","10.3527565","-25.896282","32.875446"
"era-1910","14.942994","-30.39441","29.738611","-17.883175","-34.181812","35.47042","10.353361","-25.898478","32.87895"
"era-1911","14.945885","-30.400099","29.744013","-17.884745","-34.185013","35.47333","10.353967","-25.900673","32.882446"
"era-1912","14.948772","-30.405779","29.749414","-17.886312","-34.1882","35.476227","10.354576","-25.902853","32.88594"
"era-1913","14.951663","-30.411465","29.754814","-17.887875","-34.191387","35.479126","10.355188","-25.90504","32.88943"
"era-1914","14.954548","-30.417141","29.76021","-17.889442","-34.194576","35.482025","10.355795","-25.90722","32.892914"
"era-1915","14.9574375","-30.422825","29.765606","-17.891014","-34.197765","35.48493","10.356404","-25.909412","32.8964"
"era-1916","14.960323","-30.428503","29.771","-17.892576","-34.200947","35.487823","10.357012","-25.911596","32.899887"
"era-1917","14.963209","-30.43418","29.776392","-17.894129","-34.204124","35.490723","10.357623","-25.913786","32.903374"
"era-1918","14.966095","-30.439856","29.781784","-17.89569","-34.2073","35.493618","10.35823","-25.915966","32.906857"
"era-1919","14.968979","-30.445528","29.787172","-17.89725","-34.210476","35.4965","10.358835","-25.918146","32.91034"
"era-1920","14.971864","-30.451202","29.79256","-17.898806","-34.213642","35.499382","10.359445","-25.920326","32.913826"
"era-1921","14.974747","-30.456873","29.797955","-17.900356","-34.216805","35.502266","10.360059","-25.92251","32.917294"
"era-1922","14.97763","-30.462543","29.803339","-17.901913","-34.219967","35.505146","10.360668","-25.924696","32.920765"
"era-1923","14.98051","-30.468212","29.808723","-17.903467","-34.22312","35.508022","10.361282","-25.926876","32.924232"
"era-1924","14.983393","-30.473879","29.814108","-17.905014","-34.226276","35.510902","10.361895","-25.929052","32.927696"
"era-1925","14.986272","-30.479544","29.81949","-17.90657","-34.229435","35.513775","10.362508","-25.931227","32.931168"
"era-1926","14.989152","-30.485207","29.824873","-17.908112","-34.232586","35.516655","10.363121","-25.933401","32.93463"
"era-1927","14.99203","-30.490868","29.830254","-17.909653","-34.235733","35.519524","10.363733","-25.935572","32.93809"
"era-1928","14.994909","-30.496529","29.835623","-17.91119","-34.238873","35.522392","10.364346","-25.937746","32.94155"
"era-1929","14.997786","-30.502184","29.840996","-17.91275","-34.242016","35.52525","10.364955","-25.939917","32.945004"
"era-1930","15.00066","-30.50784","29.846369","-17.914286","-34.24516","35.52813","10.365571","-25.942083","32.94846"
"era-1931","15.003537","-30.513494","29.851742","-17.915821","-34.2483","35.530994","10.366183","-25.944252","32.951897"
"era-1932","15.00641","-30.519144","29.857113","-17.917362","-34.25143","35.533855","10.366795","-25.94642","32.955338"
"era-1933","15.009281","-30.524797","29.862484","-17.918898","-34.25456","35.536713","10.367407","-25.948587","32.95878"
"era-1934","15.012156","-30.530449","29.867859","-17.92043","-34.257683","35.53957","10.368018","-25.950756","32.962223"
"era-1935","15.015027","-30.536102","29.87323","-17.921957","-34.26081","35.542423","10.36863","-25.95292","32.965668"
"era-1936","15.017898","-30.541746","29.878595","-17.923477","-34.26393","35.54527","10.369245","-25.955084","32.969105"
"era-1937","15.020764","-30.54739","29.88396","-17.925018","-34.267056","35.548107","10.369859","-25.95725","32.972534"
"era-1938","15.023632","-30.55303","29.889324","-17.926538","-34.270172","35.550964","10.370473","-25.959412","32.975964"
"era-1939","15.026504","-30.558674","29.894686","-17.92807","-34.273285","35.553806","10.371085","-25.961569","32.979385"
"era-1940","15.029368","-30.564312","29.900045","-17.929592","-34.276394","35.556652","10.371705","-25.96373","32.98281"
"era-1941","15.032236","-30.569954","29.905403","-17.931122","-34.2795","35.55949","10.372321","-25.96589","32.98623"
"era-1942","15.035104","-30.575592","29.910763","-17.93263","-34.282593","35.56233","10.372938","-25.968056","32.989647"
"era-1943","15.037967","-30.581224","29.91612","-17.934155","-34.285686","35.565163","10.373554","-25.970217","32.993065"
"era-1944","15.0408325","-30.58686","29.921476","-17.935677","-34.288788","35.56799","10.374174","-25.972374","32.996487"
"era-1945","15.043694","-30.592491","29.926832","-17.937197","-34.29188","35.57082","10.374791","-25.97453","32.999905"
"era-1946","15.0465555","-30.598124","29.932186","-17.938711","-34.294964","35.573654","10.375412","-25.976679","33.00332"
"era-1947","15.049419","-30.603754","29.937542","-17.940226","-34.29805","35.57649","10.37603","-25.97884","33.00673"
"era-1948","15.052281","-30.609385","29.942894","-17.941742","-34.30114","35.579304","10.376647","-25.980997","33.010136"
"era-1949","15.055141","-30.615013","29.948244","-17.94324","-34.304234","35.582134","10.377267","-25.983152","33.013546"
"era-1950","15.058","-30.620636","29.953596","-17.944756","-34.30733","35.584953","10.377887","-25.985308","33.016953"
"era-1951","15.060859","-30.626263","29.958944","-17.94626","-34.310413","35.587772","10.378506","-25.987461","33.02035"
"era-1952","15.063718","-30.63189","29.96429","-17.947773","-34.313496","35.59059","10.379121","-25.989609","33.023743"
"era-1953","15.066574","-30.63751","29.969633","-17.949276","-34.316574","35.59341","10.379742","-25.991764","33.027138"
"era-1954","15.069432","-30.64313","29.974981","-17.950783","-34.319645","35.596226","10.3803625","-25.993916","33.030537"
"era-1955","15.072286","-30.648748","29.980328","-17.95228","-34.32271","35.59904","10.380983","-25.996065","33.03393"
"era-1956","15.075144","-30.65437","29.985672","-17.953783","-34.32577","35.601845","10.381603","-25.998215","33.037308"
"era-1957","15.077998","-30.659986","29.99101","-17.955276","-34.328827","35.604656","10.382225","-26.000368","33.040688"
"era-1958","15.0808525","-30.6656","29.996346","-17.956768","-34.33188","35.60746","10.382847","-26.002516","33.044075"
"era-1959","15.083706","-30.671211","30.001684","-17.958265","-34.334927","35.610252","10.383469","-26.004662","33.047462"
"era-1960","15.086558","-30.676823","30.00702","-17.959763","-34.337975","35.613045","10.384092","-26.006805","33.050858"
"era-1961","15.089414","-30.682436","30.012356","-17.96126","-34.341022","35.615837","10.384717","-26.008947","33.054245"
"era-1962","15.092264","-30.688044","30.01769","-17.962748","-34.34406","35.61863","10.385338","-26.011095","33.057625"
"era-1963","15.095113","-30.693653","30.023026","-17.96423","-34.347103","35.621426","10.385961","-26.01324","33.061005"
"era-1964","15.097963","-30.699259","30.028357","-17.965712","-34.350143","35.62421","10.386585","-26.015379","33.064377"
"era-1965","15.100816","-30.704868","30.033682","-17.967197","-34.353172","35.626987","10.387209","-26.017517","33.067745"
"era-1966","15.103663","-30.710472","30.039013","-17.968687","-34.35621","35.62977","10.38783","-26.019657","33.071106"
"era-1967","15.106512","-30.716076","30.044342","-17.970175","-34.359234","35.632553","10.388451","-26.021791","33.07447"
"era-1968","15.10936","-30.72168","30.049667","-17.971645","-34.36226","35.635338","10.389074","-26.023918","33.07784"
"era-1969","15.112206","-30.727278","30.054993","-17.973122","-34.36528","35.63811","10.389697","-26.026049","33.081207"
"era-1970","15.115055","-30.732878","30.060312","-17.9746","-34.36831","35.640884","10.390318","-26.028185","33.08457"
"era-1971","15.117903","-30.738478","30.065632","-17.976067","-34.371326","35.64366","10.390942","-26.030317","33.087925"
"era-1972","15.1207485","-30.744076","30.070953","-17.977535","-34.374344","35.646427","10.391565","-26.03245","33.09128"
"era-1973","15.123593","-30.749672","30.076275","-17.979008","-34.377357","35.649193","10.392191","-26.034586","33.09463"
"era-1974","15.126437","-30.75527","30.081598","-17.980482","-34.380363","35.651962","10.392818","-26.036713","33.09798"
"era-1975","15.129281","-30.760864","30.086922","-17.981953","-34.38336","35.654724","10.393443","-26.038843","33.10133"
"era-1976","15.132125","-30.766455","30.09224","-17.98342","-34.386364","35.657486","10.394071","-26.040974","33.10468"
"era-1977","15.134964","-30.772041","30.097557","-17.984884","-34.38937","35.660236","10.394698","-26.04311","33.10802"
"era-1978","15.137801","-30.777628","30.102879","-17.986336","-34.39236","35.66299","10.395326","-26.04524","33.11137"
"era-1979","15.14064","-30.783216","30.108192","-17.987793","-34.395355","35.665745","10.395949","-26.04737","33.114708"
"era-1980","15.143478","-30.788803","30.113508","-17.989252","-34.39835","35.6685","10.396575","-26.049501","33.11805"
"era-1981","15.146316","-30.794384","30.11882","-17.990725","-34.401337","35.671234","10.397197","-26.051632","33.121387"
"era-1982","15.149151","-30.799967","30.12413","-17.992172","-34.40432","35.673992","10.39782","-26.053755","33.12473"
"era-1983","15.151987","-30.805548","30.129436","-17.99363","-34.407307","35.67673","10.398444","-26.055878","33.128063"
"era-1984","15.154825","-30.81113","30.134743","-17.99508","-34.410294","35.679474","10.399073","-26.058","33.1314"
"era-1985","15.157661","-30.816711","30.140047","-17.996527","-34.41327","35.682217","10.399698","-26.060125","33.134727"
"era-1986","15.160499","-30.822292","30.14535","-17.997986","-34.416252","35.684948","10.400326","-26.062248","33.138054"
"era-1987","15.163335","-30.827866","30.150652","-17.999428","-34.419216","35.68769","10.400955","-26.064375","33.14138"
"era-1988","15.166167","-30.833443","30.15596","-18.000877","-34.42218","35.690414","10.401584","-26.066492","33.144714"
"era-1989","15.169001","-30.839016","30.161263","-18.002327","-34.42514","35.693142","10.40221","-26.068605","33.148045"
"era-1990","15.171831","-30.844587","30.166565","-18.003769","-34.428093","35.695877","10.40284","-26.070717","33.15138"
"era-1991","15.174664","-30.850157","30.171867","-18.005217","-34.43106","35.6986","10.403469","-26.072832","33.1547"
"era-1992","15.177493","-30.855728","30.177168","-18.006655","-34.434017","35.701336","10.404099","-26.07495","33.158024"
"era-1993","15.180322","-30.861296","30.18247","-18.008106","-34.436977","35.70406","10.404729","-26.07707","33.161343"
"era-1994","15.183151","-30.866861","30.187765","-18.00955","-34.439926","35.70678","10.405357","-26.079185","33.16466"
"era-1995","15.185979","-30.872429","30.193064","-18.01098","-34.44287","35.709503","10.405992","-26.081299","33.16797"
"era-1996","15.188808","-30.877993","30.198357","-18.012419","-34.445816","35.71221","10.406625","-26.083414","33.171276"
"era-1997","15.191636","-30.883556","30.203644","-18.01385","-34.448757","35.71492","10.407257","-26.085514","33.174583"
"era-1998","15.194465","-30.889116","30.208931","-18.015282","-34.451702","35.71762","10.407886","-26.087618","33.17789"
"era-1999","15.197291","-30.894676","30.21422","-18.016708","-34.454643","35.72033","10.408516","-26.089725","33.18119"
"era-2000","15.200117","-30.900234","30.21951","-18.018135","-34.45758","35.723038","10.409149","-26.091827","33.184483"
"era-2001","15.202942","-30.90579","30.224794","-18.019571","-34.460514","35.725746","10.4097805","-26.093931","33.18778"
"era-2002","15.205766","-30.911348","30.230083","-18.020998","-34.46344","35.728447","10.410411","-26.09603","33.191074"
"era-2003","15.208589","-30.916904","30.23537","-18.022423","-34.466366","35.731155","10.411043","-26.09813","33.19437"
"era-2004","15.211411","-30.922459","30.240658","-18.023848","-34.469296","35.73386","10.411673","-26.100227","33.197662"
"era-2005","15.214236","-30.92801","30.24594","-18.025265","-34.472225","35.736557","10.412306","-26.102322","33.200962"
"era-2006","15.217055","-30.933561","30.251226","-18.02669","-34.47516","35.739254","10.412939","-26.10442","33.204254"
"era-2007","15.219874","-30.939114","30.25651","-18.028109","-34.478077","35.74194","10.413572","-26.106518","33.207546"
"era-2008","15.222694","-30.944662","30.261791","-18.029526","-34.481","35.74464","10.414207","-26.108612","33.210823"
"era-2009","15.225514","-30.950209","30.267073","-18.03094","-34.483913","35.747326","10.414844","-26.110708","33.214104"
"era-2010","15.228335","-30.955753","30.27235","-18.032354","-34.486824","35.75001","10.415479","-26.112808","33.21738"
"era-2011","15.2311535","-30.9613","30.277628","-18.033772","-34.489735","35.752693","10.416114","-26.1149","33.220654"
"era-2012","15.233969","-30.966839","30.2829","-18.03518","-34.49264","35.75537","10.416748","-26.116991","33.223923"
"era-2013","15.236782","-30.972378","30.28817","-18.036583","-34.49554","35.758045","10.417384","-26.119087","33.227196"
"era-2014","15.239599","-30.977915","30.293438","-18.037994","-34.49844","35.76072","10.418017","-26.121183","33.23047"
"era-2015","15.242414","-30.983454","30.29871","-18.039402","-34.501343","35.763393","10.418653","-26.12328","33.23374"
"era-2016","15.24523","-30.988989","30.30398","-18.040804","-34.504234","35.766068","10.419293","-26.125376","33.237003"
"era-2017","15.24804","-30.99452","30.309248","-18.042208","-34.507126","35.768745","10.419932","-26.12747","33.240265"
"era-2018","15.25085","-31.000053","30.314518","-18.043617","-34.510025","35.77141","10.42057","-26.12956","33.24353"
"era-2019","15.253661","-31.005587","30.319786","-18.045015","-34.512905","35.774086","10.4212055","-26.131655","33.2468"
"era-2020","15.256475","-31.011124","30.32505","-18.046413","-34.51579","35.776756","10.421842","-26.13375","33.250057"
"era-2021","15.259285","-31.016653","30.330317","-18.047808","-34.518665","35.77941","10.42248","-26.135843","33.25331"
"era-2022","15.2620945","-31.022179","30.335575","-18.049212","-34.521545","35.782074","10.423117","-26.13794","33.256554"
"era-2023","15.264904","-31.02771","30.34084","-18.050608","-34.52442","35.78473","10.423751","-26.140028","33.259808"
"era-2024","15.2677145","-31.03324","30.3461","-18.052","-34.52729","35.787384","10.42439","-26.142117","33.263058"
"era-2025","15.270523","-31.038765","30.35136","-18.053394","-34.53016","35.790043","10.425028","-26.1442","33.2663"
"era-2026","15.273331","-31.04429","30.356617","-18.054787","-34.53303","35.792694","10.425666","-26.146286","33.26953"
"era-2027","15.276138","-31.049816","30.361876","-18.056171","-34.535904","35.79535","10.426304","-26.14838","33.272762"
"era-2028","15.278945","-31.055336","30.367134","-18.057558","-34.53877","35.798008","10.426943","-26.150461","33.275997"
"era-2029","15.28175","-31.060856","30.372387","-18.058954","-34.541634","35.800655","10.427581","-26.152548","33.279232"
"era-2030","15.284555","-31.066378","30.37764","-18.060339","-34.544495","35.803303","10.428219","-26.154629","33.282475"
"era-2031","15.287361","-31.071894","30.382889","-18.061718","-34.547356","35.80595","10.428859","-26.156715","33.285706"
"era-2032","15.290162","-31.077408","30.388142","-18.063099","-34.55021","35.808594","10.429499","-26.1588","33.288944"
"era-2033","15.292964","-31.082922","30.393393","-18.064484","-34.55306","35.811237","10.430137","-26.160885","33.29217"
"era-2034","15.295765","-31.088434","30.398642","-18.065865","-34.555912","35.813873","10.430775","-26.162973","33.29539"
"era-2035","15.298567","-31.093948","30.403893","-18.067242","-34.55875","35.81651","10.431413","-26.16505","33.29861"
"era-2036","15.301367","-31.099463","30.409142","-18.06862","-34.561596","35.819145","10.432054","-26.16713","33.30183"
"era-2037","15.304169","-31.104975","30.414389","-18.069996","-34.564426","35.821774","10.432693","-26.169209","33.30505"
"era-2038","15.306971","-31.110489","30.419632","-18.07137","-34.567272","35.824406","10.433327","-26.171286","33.30827"
"era-2039","15.309772","-31.116","30.424875","-18.072744","-34.570107","35.827034","10.433966","-26.173367","33.311493"
"era-2040","15.312569","-31.121506","30.43012","-18.074114","-34.572945","35.829655","10.434607","-26.17545","33.31471"
"era-2041","15.315366","-31.127012","30.435362","-18.07548","-34.575783","35.832283","10.435243","-26.177526","33.31792"
"era-2042","15.318163","-31.132519","30.440603","-18.07685","-34.578613","35.834904","10.435876","-26.1796","33.321125"
"era-2043","15.320961","-31.138025","30.445845","-18.07821","-34.58144","35.83753","10.436514","-26.181677","33.324326"
"era-2044","15.323756","-31.143528","30.45108","-18.079582","-34.584263","35.84014","10.43715","-26.183752","33.327526"
"era-2045","15.326551","-31.14903","30.456322","-18.080935","-34.587082","35.84276","10.43779","-26.185823","33.330727"
"era-2046","15.329345","-31.154533","30.461561","-18.082306","-34.5899","35.84538","10.438427","-26.187902","33.333927"
"era-2047","15.332139","-31.16003","30.466799","-18.083673","-34.59272","35.847996","10.439062","-26.189978","33.337124"
"era-2048","15.334929","-31.165527","30.472034","-18.085033","-34.59553","35.850616","10.4397","-26.192053","33.340313"
"era-2049","15.33772","-31.171024","30.477272","-18.08639","-34.598335","35.85323","10.44034","-26.194126","33.3435"
"era-2050","15.340512","-31.17652","30.482506","-18.087748","-34.601147","35.855835","10.44098","-26.196203","33.346684"
"era-2051","15.343303","-31.182014","30.48774","-18.089102","-34.60394","35.85844","10.441622","-26.19827","33.349865"
"era-2052","15.346093","-31.18751","30.492973","-18.09046","-34.606747","35.861046","10.442263","-26.20034","33.353046"
"era-2053","15.348883","-31.192999","30.498201","-18.091812","-34.609554","35.863647","10.442897","-26.202414","33.356228"
"era-2054","15.351669","-31.198483","30.503426","-18.093163","-34.612354","35.866245","10.443536","-26.204481","33.359398"
"era-2055","15.354457","-31.203972","30.508646","-18.09451","-34.61516","35.868835","10.444173","-26.206547","33.362576"
"era-2056","15.357245","-31.209455","30.513865","-18.09585","-34.617954","35.871426","10.444815","-26.208612","33.36575"
"era-2057","15.360031","-31.214941","30.519087","-18.0972","-34.620747","35.874016","10.445453","-26.210684","33.368935"
"era-2058","15.362818","-31.220427","30.524305","-18.098545","-34.62354","35.876602","10.4460945","-26.21275","33.37212"
"era-2059","15.365604","-31.225908","30.529524","-18.099882","-34.62633","35.879192","10.446737","-26.214815","33.375298"
"era-2060","15.36839","-31.231388","30.534742","-18.101225","-34.629116","35.881775","10.447378","-26.216877","33.378456"
"era-2061","15.371173","-31.23687","30.53996","-18.102568","-34.631897","35.884365","10.448019","-26.218943","33.38162"
"era-2062","15.373954","-31.242344","30.54517","-18.103907","-34.634674","35.886944","10.448663","-26.221003","33.38478"
"era-2063","15.376736","-31.247822","30.550385","-18.105246","-34.63745","35.889523","10.449304","-26.22306","33.387947"
"era-2064","15.379518","-31.253292","30.5556","-18.106585","-34.640224","35.8921","10.449945","-26.22512","33.3911"
"era-2065","15.382296","-31.258766","30.560814","-18.10792","-34.642994","35.894676","10.450586","-26.227179","33.394257"
"era-2066","15.385074","-31.26424","30.56603","-18.109255","-34.645767","35.89725","10.451228","-26.22923","33.39742"
"era-2067","15.387853","-31.26971","30.571238","-18.110596","-34.648537","35.89983","10.451867","-26.231293","33.400578"
"era-2068","15.39063","-31.27518","30.576448","-18.111933","-34.651302","35.902412","10.452504","-26.233355","33.403732"
"era-2069","15.393403","-31.280643","30.581657","-18.113268","-34.654068","35.90499","10.453147","-26.235413","33.40688"
"era-2070","15.396179","-31.28611","30.58687","-18.114597","-34.656837","35.907562","10.453789","-26.237461","33.410027"
"era-2071","15.398955","-31.291574","30.592075","-18.115925","-34.65959","35.910122","10.45443","-26.239515","33.41317"
"era-2072","15.401729","-31.297037","30.59728","-18.117249","-34.662354","35.91269","10.455073","-26.241566","33.41631"
"era-2073","15.404505","-31.302502","30.602482","-18.118576","-34.665115","35.915257","10.455717","-26.243618","33.419453"
"era-2074","15.407281","-31.307962","30.607681","-18.119902","-34.66787","35.91782","10.456362","-26.24567","33.422596"
"era-2075","15.410052","-31.313417","30.612879","-18.121227","-34.670612","35.920383","10.457005","-26.247717","33.425735"
"era-2076","15.412823","-31.318876","30.618078","-18.122551","-34.67336","35.922943","10.457651","-26.249767","33.42888"
"era-2077","15.415594","-31.32433","30.623274","-18.123878","-34.6761","35.925503","10.458299","-26.251814","33.43201"
"era-2078","15.418364","-31.329786","30.628475","-18.125198","-34.678837","35.928055","10.458942","-26.25386","33.435143"
"era-2079","15.421138","-31.335243","30.633673","-18.126516","-34.681576","35.930603","10.459591","-26.255909","33.438274"
"era-2080","15.423907","-31.340698","30.638874","-18.127829","-34.684307","35.93315","10.4602375","-26.257954","33.4414"
"era-2081","15.426678","-31.34615","30.64407","-18.12914","-34.68705","35.935696","10.460884","-26.259998","33.44452"
"era-2082","15.429446","-31.351603","30.649267","-18.130459","-34.68978","35.93824","10.461532","-26.262049","33.44764"
"era-2083","15.432213","-31.357056","30.654463","-18.131767","-34.69251","35.94078","10.462177","-26.264091","33.450756"
"era-2084","15.434982","-31.362509","30.65966","-18.133083","-34.69524","35.943325","10.46282","-26.266134","33.45388"
"era-2085","15.437749","-31.36796","30.664854","-18.134401","-34.697964","35.945873","10.463462","-26.26818","33.456997"
"era-2086","15.440517","-31.373411","30.670046","-18.135712","-34.700684","35.948414","10.464106","-26.270224","33.46011"
"era-2087","15.443285","-31.378855","30.675236","-18.137022","-34.70341","35.950954","10.464749","-26.272263","33.46323"
"era-2088","15.44605","-31.384304","30.680431","-18.138332","-34.70613","35.95349","10.465394","-26.274303","33.46635"
"era-2089","15.448816","-31.389751","30.685617","-18.139635","-34.708855","35.956024","10.466041","-26.276346","33.469456"
"era-2090","15.45158","-31.395195","30.690804","-18.140942","-34.711575","35.958565","10.466686","-26.27838","33.47256"
"era-2091","15.454345","-31.400635","30.69599","-18.142246","-34.714294","35.9611","10.467333","-26.280416","33.475666"
"era-2092","15.4571085","-31.406076","30.70117","-18.143555","-34.717007","35.963634","10.467978","-26.282455","33.47877"
"era-2093","15.45987","-31.411518","30.70635","-18.144863","-34.71973","35.966175","10.468623","-26.284494","33.481873"
"era-2094","15.462633","-31.416952","30.711529","-18.146162","-34.722443","35.968708","10.469268","-26.286528","33.48497"
"era-2095","15.465392","-31.422386","30.716705","-18.147463","-34.725155","35.971233","10.469911","-26.288557","33.488064"
"era-2096","15.46815","-31.427818","30.721886","-18.14876","-34.727863","35.973755","10.470554","-26.29059","33.49116"
"era-2097","15.470909","-31.433254","30.727066","-18.150059","-34.730568","35.97628","10.471203","-26.292624","33.494255"
"era-2098","15.473667","-31.438683","30.73224","-18.15136","-34.733265","35.978806","10.471851","-26.294651","33.497345"
"era-2099","15.476425","-31.444117","30.737413","-18.152657","-34.735966","35.981327","10.472498","-26.296682","33.500435"
"era-2100","15.479184","-31.449545","30.742586","-18.153948","-34.738667","35.983845","10.473145","-26.298706","33.503525"
"era-2101","15.481942","-31.454973","30.74776","-18.155243","-34.741367","35.986366","10.473793","-26.30073","33.506615"
"era-2102","15.484696","-31.460403","30.752937","-18.15654","-34.744053","35.988884","10.4744425","-26.302757","33.509697"
"era-2103","15.487449","-31.465828","30.75811","-18.157831","-34.746735","35.99139","10.475092","-26.30479","33.512787"
"era-2104","15.490204","-31.471252","30.763279","-18.159115","-34.74942","35.9939","10.4757395","-26.306814","33.51587"
"era-2105","15.49296","-31.476677","30.768446","-18.1604","-34.7521","35.996403","10.476392","-26.30884","33.518944"
"era-2106","15.495716","-31.482103","30.773615","-18.161692","-34.754776","35.998913","10.477039","-26.310865","33.52202"
"era-2107","15.498474","-31.487528","30.77878","-18.162975","-34.757446","36.00141","10.477687","-26.312891","33.525097"
"era-2108","15.501226","-31.49295","30.783949","-18.164257","-34.760124","36.00391","10.478335","-26.31491","33.52818"
"era-2109","15.50398","-31.498373","30.789114","-18.165533","-34.7628","36.006405","10.478987","-26.316936","33.531254"
"era-2110","15.506732","-31.50379","30.794277","-18.166813","-34.76546","36.008896","10.479637","-26.318964","33.53433"
"era-2111","15.50948","-31.509207","30.799442","-18.16809","-34.768124","36.011383","10.480285","-26.320986","33.537403"
"era-2112","15.512231","-31.51462","30.804602","-18.169363","-34.770782","36.01387","10.480934","-26.323004","33.54047"
"era-2113","15.514981","-31.520033","30.80976","-18.170645","-34.77345","36.016357","10.481583","-26.32503","33.54354"
"era-2114","15.517728","-31.525446","30.81492","-18.171917","-34.776108","36.01885","10.482237","-26.32705","33.54661"
"era-2115","15.5204735","-31.530853","30.820076","-18.173191","-34.778767","36.02133","10.482891","-26.32907","33.549675"
"era-2116","15.523221","-31.53626","30.82523","-18.174463","-34.781425","36.02382","10.4835415","-26.331087","33.552734"
"era-2117","15.525966","-31.54167","30.830389","-18.175734","-34.78408","36.026306","10.484194","-26.3331","33.555794"
"era-2118","15.528709","-31.547077","30.835548","-18.177006","-34.786724","36.028786","10.48484","-26.33512","33.558853"
"era-2119","15.531455","-31.552488","30.840702","-18.178278","-34.789368","36.031265","10.485489","-26.337141","33.561913"
"era-2120","15.534201","-31.557896","30.845854","-18.179548","-34.79201","36.033756","10.486137","-26.339159","33.564972"
"era-2121","15.536943","-31.5633","30.851004","-18.18082","-34.79466","36.036236","10.486786","-26.34118","33.568027"
"era-2122","15.539684","-31.568699","30.856155","-18.182089","-34.797302","36.03871","10.487435","-26.343191","33.57108"
"era-2123","15.542427","-31.5741","30.861303","-18.18336","-34.799946","36.04119","10.488085","-26.345207","33.57412"
"era-2124","15.545169","-31.579504","30.866455","-18.184626","-34.802586","36.043667","10.488733","-26.347225","33.577156"
"era-2125","15.547909","-31.584904","30.871605","-18.185888","-34.805218","36.04614","10.489385","-26.34924","33.580208"
"era-2126","15.5506525","-31.590303","30.87675","-18.187151","-34.807854","36.048615","10.490036","-26.351261","33.583256"
"era-2127","15.553397","-31.595705","30.881891","-18.188414","-34.810493","36.05108","10.490686","-26.353281","33.586304"
"era-2128","15.556133","-31.6011","30.887037","-18.189669","-34.813137","36.053543","10.491336","-26.355297","33.589348"
"era-2129","15.558874","-31.606499","30.892181","-18.190928","-34.815773","36.05601","10.491984","-26.357311","33.592392"
"era-2130","15.561614","-31.611895","30.89732","-18.192188","-34.81841","36.058475","10.492634","-26.359325","33.59543"
"era-2131","15.56435","-31.617285","30.90246","-18.193447","-34.821033","36.06094","10.493285","-26.361345","33.59846"
"era-2132","15.567088","-31.622677","30.907602","-18.1947","-34.823658","36.0634","10.493938","-26.363354","33.601505"
"era-2133","15.569822","-31.628063","30.912737","-18.195953","-34.826283","36.06586","10.49459","-26.365372","33.604546"
"era-2134","15.572558","-31.63345","30.917877","-18.19721","-34.8289","36.068325","10.495242","-26.367388","33.60758"
"era-2135","15.575291","-31.63884","30.923018","-18.198462","-34.83152","36.070774","10.495893","-26.369402","33.610615"
"era-2136","15.578025","-31.644226","30.928154","-18.199709","-34.834137","36.07323","10.496545","-26.371422","33.613644"
"era-2137","15.580758","-31.64961","30.93329","-18.200954","-34.836765","36.07568","10.497194","-26.373434","33.616676"
"era-2138","15.583489","-31.654995","30.938421","-18.202202","-34.839382","36.07813","10.497846","-26.37545","33.619698"
"era-2139","15.586223","-31.660381","30.943556","-18.20345","-34.841988","36.08058","10.498496","-26.377462","33.622726"
"era-2140","15.588957","-31.665768","30.948689","-18.204699","-34.844604","36.08303","10.499146","-26.379475","33.625748"
"era-2141","15.59169","-31.671152","30.953821","-18.205948","-34.847218","36.085487","10.499795","-26.381481","33.628765"
"era-2142","15.594419","-31.67653","30.958956","-18.207191","-34.84983","36.08793","10.500445","-26.383484","33.631786"
"era-2143","15.597144","-31.681908","30.964088","-18.208435","-34.852432","36.090374","10.501097","-26.385489","33.634808"
"era-2144","15.5998745","-31.687286","30.969213","-18.209679","-34.855038","36.092823","10.501748","-26.387495","33.637825"
"era-2145","15.602602","-31.69266","30.974337","-18.210926","-34.85763","36.09527","10.502397","-26.389502","33.64084"
"era-2146","15.60533","-31.698038","30.979462","-18.212172","-34.86023","36.09771","10.503048","-26.39151","33.643856"
"era-2147","15.608061","-31.703415","30.984587","-18.213413","-34.862823","36.100155","10.503699","-26.393513","33.646866"
"era-2148","15.610788","-31.708792","30.989714","-18.214657","-34.865425","36.102596","10.504351","-26.39552","33.649876"
"era-2149","15.613517","-31.714167","30.994839","-18.215899","-34.868023","36.10504","10.505003","-26.397524","33.65288"
"era-2150","15.616243","-31.719542","30.999968","-18.217136","-34.870617","36.10747","10.505654","-26.399525","33.65589"
"era-2151","15.618969","-31.724913","31.005087","-18.21837","-34.873207","36.10991","10.506305","-26.401527","33.658897"
"era-2152","15.621693","-31.730282","31.010208","-18.219608","-34.875793","36.11234","10.506958","-26.40353","33.661907"
"era-2153","15.624415","-31.735651","31.015327","-18.220846","-34.878384","36.114773","10.507607","-26.40553","33.664917"
"era-2154","15.627137","-31.741016","31.02045","-18.222076","-34.880966","36.117207","10.50826","-26.40753","33.66792"
"era-2155","15.629861","-31.746386","31.025568","-18.223312","-34.883553","36.119633","10.50891","-26.409536","33.670918"
"era-2156","15.632586","-31.751753","31.030685","-18.22454","-34.88613","36.12206","10.509565","-26.411535","33.673904"
"era-2157","15.635309","-31.757114","31.035797","-18.225775","-34.88871","36.124485","10.510216","-26.413532","33.67689"
"era-2158","15.63803","-31.762476","31.040901","-18.227005","-34.89128","36.126907","10.510866","-26.41553","33.679874"
"era-2159","15.64075","-31.76784","31.046015","-18.228231","-34.893852","36.12933","10.511519","-26.417528","33.68286"
"era-2160","15.643471","-31.7732","31.051128","-18.229456","-34.896423","36.131744","10.512169","-26.419521","33.685844"
"era-2161","15.646192","-31.77856","31.056244","-18.230679","-34.898987","36.134155","10.512823","-26.421516","33.688835"
"era-2162","15.64891","-31.783918","31.061352","-18.2319","-34.901554","36.136566","10.513479","-26.423515","33.691814"
"era-2163","15.651626","-31.789272","31.06646","-18.233122","-34.904118","36.138977","10.5141325","-26.425516","33.694798"
"era-2164","15.654343","-31.79463","31.071564","-18.23434","-34.90668","36.141384","10.514791","-26.427511","33.69777"
"era-2165","15.657061","-31.799984","31.076672","-18.235563","-34.909233","36.143787","10.515445","-26.429508","33.700745"
"era-2166","15.659777","-31.805334","31.081776","-18.236776","-34.91179","36.146187","10.516097","-26.431498","33.703728"
"era-2167","15.662492","-31.810688","31.086876","-18.237991","-34.91434","36.14859","10.516752","-26.433485","33.706703"
"era-2168","15.665209","-31.816036","31.091978","-18.239202","-34.916897","36.15098","10.517404","-26.43547","33.70968"
"era-2169","15.667925","-31.821388","31.097076","-18.240421","-34.91945","36.153385","10.518055","-26.437462","33.71265"
"era-2170","15.670639","-31.826736","31.102173","-18.241636","-34.921997","36.155785","10.518705","-26.439447","33.715622"
"era-2171","15.673353","-31.832085","31.107275","-18.242847","-34.92455","36.158184","10.519361","-26.441433","33.71859"
"era-2172","15.676068","-31.837431","31.11237","-18.244057","-34.927086","36.160572","10.520016","-26.443417","33.72156"
"era-2173","15.678779","-31.842775","31.117466","-18.24527","-34.92963","36.162964","10.520672","-26.4454","33.72453"
"era-2174","15.681489","-31.848118","31.122562","-18.246479","-34.93217","36.165363","10.521329","-26.447393","33.72749"
"era-2175","15.684196","-31.853462","31.12766","-18.247688","-34.93471","36.167755","10.521979","-26.44938","33.730446"
"era-2176","15.686908","-31.858803","31.132757","-18.248894","-34.937256","36.170143","10.522632","-26.451378","33.73341"
"era-2177","15.689613","-31.864138","31.13785","-18.2501","-34.93979","36.17253","10.523284","-26.45337","33.736362"
"era-2178","15.692319","-31.869474","31.14294","-18.251303","-34.94232","36.17492","10.523937","-26.455362","33.739323"
"era-2179","15.6950245","-31.874813","31.148033","-18.252518","-34.94485","36.17731","10.524587","-26.457354","33.742283"
"era-2180","15.697732","-31.880154","31.153124","-18.253723","-34.947388","36.179703","10.525236","-26.459341","33.745247"
"era-2181","15.700439","-31.885483","31.158213","-18.254925","-34.949913","36.182083","10.525891","-26.461325","33.748203"
"era-2182","15.703138","-31.890814","31.163301","-18.25613","-34.952435","36.184464","10.526548","-26.463308","33.751163"
"era-2183","15.705843","-31.896145","31.168383","-18.257332","-34.954967","36.186844","10.527202","-26.46529","33.754116"
"era-2184","15.708547","-31.901472","31.173466","-18.258533","-34.95748","36.18922","10.527861","-26.46727","33.757057"
"era-2185","15.711251","-31.9068","31.178549","-18.259731","-34.960003","36.191597","10.528516","-26.469248","33.76"
"era-2186","15.713954","-31.91213","31.183632","-18.260927","-34.962513","36.193966","10.529173","-26.471233","33.762943"
"era-2187","15.716656","-31.917456","31.188713","-18.262129","-34.965027","36.19634","10.529831","-26.473213","33.765884"
"era-2188","15.719357","-31.922781","31.193796","-18.263323","-34.967533","36.198708","10.530484","-26.475191","33.768833"
"era-2189","15.722059","-31.92811","31.198875","-18.26452","-34.970043","36.201077","10.53114","-26.477169","33.77178"
"era-2190","15.724755","-31.933428","31.203959","-18.26571","-34.972553","36.203445","10.531796","-26.47915","33.77472"
"era-2191","15.727452","-31.938747","31.209036","-18.266905","-34.975063","36.205807","10.5324545","-26.481133","33.777657"
"era-2192","15.73015","-31.944069","31.21411","-18.268097","-34.977573","36.20817","10.53311","-26.483109","33.78059"
"era-2193","15.732855","-31.949392","31.219185","-18.269283","-34.98008","36.210533","10.533766","-26.485086","33.783527"
"era-2194","15.735553","-31.954712","31.224257","-18.270473","-34.982586","36.21289","10.534423","-26.487068","33.78646"
"era-2195","15.738251","-31.96003","31.229326","-18.271664","-34.985085","36.215256","10.53508","-26.489052","33.78939"
"era-2196","15.740947","-31.965343","31.234396","-18.272854","-34.987576","36.217613","10.535736","-26.491028","33.792324"
"era-2197","15.743647","-31.970665","31.239464","-18.27404","-34.990067","36.219963","10.536394","-26.493006","33.79525"
"era-2198","15.746342","-31.975977","31.244535","-18.275227","-34.992573","36.222324","10.53705","-26.494976","33.79817"
"era-2199","15.749035","-31.98129","31.249601","-18.276413","-34.99507","36.22468","10.537706","-26.496948","33.801083"
"era-2200","15.751732","-31.986609","31.254671","-18.277597","-34.997566","36.22704","10.5383625","-26.498919","33.804"
"era-2201","15.754431","-31.99192","31.259737","-18.27879","-35.00005","36.229397","10.53902","-26.500889","33.80692"
"era-2202","15.757125","-31.99723","31.2648","-18.279976","-35.002537","36.231747","10.539677","-26.50286","33.80984"
"era-2203","15.759818","-32.002537","31.26986","-18.281162","-35.005024","36.2341","10.540331","-26.504833","33.812763"
"era-2204","15.762507","-32.007843","31.274925","-18.282347","-35.00751","36.236458","10.540988","-26.506802","33.81568"
"era-2205","15.765194","-32.013145","31.279985","-18.283531","-35.009995","36.238804","10.541641","-26.508766","33.818607"
"era-2206","15.767883","-32.018448","31.285046","-18.284716","-35.012474","36.241154","10.542296","-26.510738","33.82153"
"era-2207","15.770573","-32.02375","31.29011","-18.285892","-35.01496","36.2435","10.542953","-26.512709","33.82445"
"era-2208","15.77326","-32.029053","31.295168","-18.287071","-35.017437","36.245842","10.543606","-26.514677","33.827377"
"era-2209","15.775948","-32.034355","31.30022","-18.288256","-35.01991","36.248184","10.544261","-26.516645","33.830303"
"era-2210","15.778638","-32.039654","31.305273","-18.289433","-35.02238","36.250523","10.544917","-26.518612","33.833218"
"era-2211","15.781323","-32.04495","31.310331","-18.290607","-35.024853","36.25286","10.545571","-26.520586","33.83614"
"era-2212","15.78401","-32.05025","31.315388","-18.29178","-35.02733","36.2552","10.546229","-26.522556","33.83905"
"era-2213","15.786694","-32.055542","31.320442","-18.292955","-35.029797","36.257534","10.546888","-26.524527","33.841965"
"era-2214","15.789377","-32.060833","31.325497","-18.294125","-35.03226","36.25987","10.547545","-26.526497","33.844868"
"era-2215","15.792061","-32.06613","31.330545","-18.295298","-35.03473","36.2622","10.5482025","-26.528465","33.847775"
"era-2216","15.794751","-32.07143","31.3356","-18.29647","-35.03719","36.26453","10.548861","-26.530428","33.850677"
"era-2217","15.797434","-32.076725","31.34065","-18.297642","-35.03965","36.26687","10.549516","-26.532385","33.85359"
"era-2218","15.800117","-32.082016","31.345703","-18.298807","-35.042107","36.269188","10.550171","-26.534355","33.85649"
"era-2219","15.802799","-32.087307","31.35075","-18.299973","-35.04457","36.271515","10.550827","-26.53632","33.85939"
"era-2220","15.805478","-32.092594","31.3558","-18.30114","-35.047024","36.273838","10.551485","-26.538288","33.862293"
"era-2221","15.808159","-32.097885","31.360851","-18.30231","-35.04948","36.276165","10.552145","-26.540253","33.86519"
"era-2222","15.8108425","-32.103176","31.365898","-18.30348","-35.05193","36.27849","10.552804","-26.54222","33.86808"
"era-2223","15.8135195","-32.108456","31.370941","-18.304647","-35.054386","36.28082","10.553464","-26.544184","33.87097"
"era-2224","15.8162","-32.113743","31.375986","-18.30581","-35.056835","36.283134","10.554125","-26.546148","33.873867"
"era-2225","15.818882","-32.11903","31.381027","-18.306973","-35.059288","36.285454","10.554782","-26.548111","33.876762"
"era-2226","15.821554","-32.124302","31.386066","-18.30814","-35.06174","36.287777","10.55544","-26.550068","33.879654"
"era-2227","15.824228","-32.129578","31.391102","-18.309305","-35.064194","36.2901","10.556099","-26.552021","33.882538"
"era-2228","15.8269005","-32.134857","31.396137","-18.31047","-35.06664","36.29242","10.556758","-26.553984","33.88543"
"era-2229","15.829578","-32.140137","31.40117","-18.311632","-35.069088","36.29474","10.55741","-26.555939","33.888313"
"era-2230","15.832258","-32.145412","31.406202","-18.312798","-35.071526","36.297054","10.558068","-26.557896","33.891197"
"era-2231","15.834933","-32.150692","31.411234","-18.313955","-35.073956","36.299366","10.558728","-26.559855","33.894093"
"era-2232","15.837611","-32.155968","31.416275","-18.315111","-35.0764","36.301674","10.559386","-26.561815","33.896973"
"era-2233","15.840286","-32.161247","31.42131","-18.316273","-35.07883","36.303986","10.560048","-26.563772","33.899857"
"era-2234","15.842961","-32.166523","31.426342","-18.31743","-35.081272","36.306297","10.560711","-26.565727","33.902737"
"era-2235","15.845636","-32.1718","31.431377","-18.318586","-35.083706","36.3086","10.561373","-26.567686","33.905613"
"era-2236","15.84831","-32.177074","31.436417","-18.319742","-35.086136","36.310905","10.562036","-26.569645","33.908493"
"era-2237","15.850981","-32.18234","31.441446","-18.320896","-35.088562","36.313206","10.562698","-26.571596","33.91137"
"era-2238","15.853652","-32.187607","31.446476","-18.322048","-35.09099","36.315506","10.563362","-26.573555","33.91424"
"era-2239","15.856324","-32.19288","31.451508","-18.323202","-35.093407","36.317806","10.564026","-26.575518","33.917118"
"era-2240","15.8589945","-32.198147","31.456535","-18.324348","-35.095825","36.3201","10.5646925","-26.577477","33.919987"
"era-2241","15.861662","-32.203415","31.461567","-18.325502","-35.098244","36.3224","10.565353","-26.579433","33.92286"
"era-2242","15.864335","-32.208683","31.466593","-18.32665","-35.10066","36.324688","10.566012","-26.581385","33.92573"
"era-2243","15.867004","-32.213947","31.471619","-18.327799","-35.10307","36.326977","10.566675","-26.583334","33.928604"
"era-2244","15.869672","-32.21921","31.47664","-18.328945","-35.105484","36.329273","10.567336","-26.58529","33.931477"
"era-2245","15.872337","-32.224476","31.481665","-18.330097","-35.107887","36.331562","10.567998","-26.58724","33.934345"
"era-2246","15.875009","-32.229736","31.486689","-18.331245","-35.110302","36.333855","10.568657","-26.58919","33.93721"
"era-2247","15.877672","-32.234997","31.491709","-18.332394","-35.112713","36.336143","10.569319","-26.591133","33.94008"
"era-2248","15.880341","-32.240257","31.496729","-18.333536","-35.11512","36.338432","10.569977","-26.59308","33.942936"
"era-2249","15.883","-32.245502","31.501749","-18.33468","-35.11753","36.340717","10.57064","-26.595022","33.945797"
"era-2250","15.885667","-32.250767","31.506767","-18.33582","-35.119938","36.343002","10.571302","-26.59697","33.948647"
"era-2251","15.888338","-32.25603","31.511786","-18.336966","-35.12235","36.345287","10.571964","-26.598915","33.951492"
"era-2252","15.891006","-32.261288","31.5168","-18.338112","-35.12475","36.347572","10.572629","-26.60086","33.95434"
"era-2253","15.893669","-32.266544","31.521816","-18.339252","-35.12715","36.34986","10.573292","-26.60281","33.957188"
"era-2254","15.896335","-32.2718","31.526827","-18.340397","-35.129543","36.352142","10.573953","-26.604757","33.960033"
"era-2255","15.898999","-32.27705","31.531837","-18.341536","-35.13194","36.354416","10.574615","-26.606697","33.962875"
"era-2256","15.901663","-32.282307","31.536852","-18.342672","-35.134335","36.356693","10.575274","-26.608644","33.96572"
"era-2257","15.904323","-32.28756","31.541868","-18.34381","-35.136723","36.358967","10.575938","-26.61059","33.96856"
"era-2258","15.906983","-32.292805","31.54688","-18.344944","-35.139114","36.361237","10.576603","-26.612532","33.97139"
"era-2259","15.909642","-32.29805","31.551893","-18.34608","-35.141506","36.36351","10.577263","-26.614473","33.974224"
"era-2260","15.912302","-32.303303","31.556898","-18.347216","-35.1439","36.365788","10.577928","-26.616417","33.977055"
"era-2261","15.91496","-32.308548","31.561909","-18.348352","-35.146282","36.368057","10.578593","-26.618364","33.979885"
"era-2262","15.917619","-32.31379","31.566912","-18.349483","-35.148663","36.37032","10.579256","-26.6203","33.982708"
"era-2263","15.920276","-32.31903","31.571915","-18.35061","-35.15104","36.37258","10.579921","-26.622234","33.985535"
"era-2264","15.922934","-32.324272","31.576916","-18.351744","-35.153423","36.374847","10.580587","-26.624182","33.988365"
"era-2265","15.925593","-32.32952","31.581923","-18.352877","-35.155807","36.377113","10.581254","-26.626123","33.99119"
"era-2266","15.928254","-32.33477","31.586926","-18.354002","-35.15819","36.379375","10.581922","-26.62807","33.99402"
"era-2267","15.930912","-32.340008","31.591932","-18.355127","-35.16056","36.38163","10.582589","-26.63001","33.99684"
"era-2268","15.933563","-32.345238","31.596933","-18.356256","-35.162937","36.38389","10.583258","-26.631948","33.99966"
"era-2269","15.93622","-32.350487","31.601938","-18.357376","-35.165306","36.386135","10.583927","-26.63389","34.002483"
"era-2270","15.93888","-32.355732","31.606943","-18.3585","-35.167683","36.38839","10.584591","-26.635822","34.005302"
"era-2271","15.941535","-32.360966","31.61194","-18.359627","-35.17006","36.390648","10.585255","-26.637758","34.008125"
"era-2272","15.944189","-32.3662","31.616934","-18.360752","-35.17243","36.392902","10.585921","-26.639702","34.010944"
"era-2273","15.946841","-32.371437","31.621937","-18.36188","-35.174797","36.39516","10.586585","-26.64164","34.013763"
"era-2274","15.949498","-32.37667","31.62693","-18.363008","-35.177166","36.39742","10.587249","-26.64358","34.016582"
"era-2275","15.952152","-32.38191","31.631927","-18.364134","-35.17953","36.399677","10.587913","-26.645515","34.01939"
"era-2276","15.954805","-32.387146","31.636923","-18.365257","-35.1819","36.401928","10.588576","-26.647448","34.022205"
"era-2277","15.95746","-32.39238","31.641916","-18.366385","-35.184258","36.404182","10.589239","-26.649376","34.025013"
"era-2278","15.960105","-32.397602","31.646914","-18.367508","-35.186623","36.406437","10.589903","-26.651312","34.02783"
"era-2279","15.962757","-32.40284","31.651907","-18.368633","-35.188984","36.408688","10.590564","-26.653242","34.030636"
"era-2280","15.965407","-32.40807","31.656902","-18.369757","-35.19134","36.41094","10.591227","-26.655174","34.033447"
"era-2281","15.96806","-32.4133","31.661894","-18.37088","-35.19369","36.41318","10.591891","-26.657103","34.036266"
"era-2282","15.970706","-32.418526","31.666883","-18.371998","-35.196045","36.415424","10.592556","-26.659029","34.03907"
"era-2283","15.973354","-32.423748","31.67187","-18.373116","-35.1984","36.417667","10.593221","-26.66096","34.041874"
"era-2284","15.976002","-32.428974","31.676857","-18.374235","-35.20075","36.41991","10.593886","-26.662897","34.044674"
"era-2285","15.978648","-32.434193","31.68184","-18.375355","-35.2031","36.422153","10.594553","-26.664831","34.04747"
"era-2286","15.981294","-32.43941","31.686825","-18.376474","-35.20545","36.424397","10.5952215","-26.666761","34.05027"
"era-2287","15.983935","-32.444626","31.691807","-18.377586","-35.207794","36.426632","10.595888","-26.668692","34.05307"
"era-2288","15.986578","-32.44985","31.696787","-18.378693","-35.21014","36.42886","10.596556","-26.670624","34.055874"
"era-2289","15.989223","-32.45507","31.70177","-18.379803","-35.212482","36.431087","10.597221","-26.672556","34.05867"
"era-2290","15.991873","-32.460285","31.706753","-18.380909","-35.21483","36.43331","10.597886","-26.674488","34.061466"
"era-2291","15.994517","-32.465504","31.711733","-18.382017","-35.21717","36.435543","10.598551","-26.676422","34.06426"
"era-2292","15.997157","-32.470722","31.716715","-18.383131","-35.219505","36.437775","10.599219","-26.678358","34.067055"
"era-2293","15.999804","-32.47594","31.721691","-18.384241","-35.221836","36.440002","10.599887","-26.680292","34.069847"
"era-2294","16.00245","-32.481155","31.72667","-18.385353","-35.224167","36.44223","10.600551","-26.682222","34.07264"
"era-2295","16.005087","-32.48637","31.73165","-18.386463","-35.2265","36.444458","10.601217","-26.684158","34.075436"
"era-2296","16.007727","-32.491585","31.736633","-18.387568","-35.22883","36.44668","10.601884","-26.686092","34.078228"
"era-2297","16.010363","-32.496788","31.74161","-18.388674","-35.231155","36.448902","10.60255","-26.688026","34.081013"
"era-2298","16.013","-32.502","31.746586","-18.389778","-35.233486","36.451122","10.603215","-26.689957","34.083794"
"era-2299","16.015635","-32.507202","31.75156","-18.390884","-35.235813","36.453342","10.603881","-26.69189","34.08658"
"era-2300","16.018272","-32.51241","31.756535","-18.391985","-35.238136","36.455555","10.604551","-26.69382","34.08936"
"era-2301","16.020914","-32.51762","31.761507","-18.393087","-35.240456","36.457767","10.605217","-26.695751","34.09214"
"era-2302","16.023552","-32.522823","31.766474","-18.394184","-35.24278","36.45998","10.6058855","-26.697683","34.094917"
"era-2303","16.026182","-32.528023","31.771444","-18.395283","-35.245102","36.46219","10.606555","-26.699612","34.0977"
"era-2304","16.028822","-32.533226","31.77641","-18.39638","-35.247417","36.464394","10.607225","-26.701538","34.100475"
"era-2305","16.031462","-32.538433","31.781378","-18.39748","-35.24973","36.466606","10.607895","-26.703472","34.103252"
"era-2306","16.034101","-32.54364","31.786348","-18.398582","-35.252033","36.46882","10.608565","-26.705406","34.10603"
"era-2307","16.036736","-32.54884","31.791317","-18.399683","-35.254353","36.471035","10.609234","-26.707336","34.108807"
"era-2308","16.039373","-32.554043","31.796282","-18.400782","-35.25667","36.473244","10.609906","-26.70926","34.11158"
"era-2309","16.042006","-32.559242","31.801247","-18.401875","-35.258972","36.475445","10.610577","-26.71119","34.114346"
"era-2310","16.04464","-32.564438","31.80621","-18.402971","-35.261295","36.47765","10.611245","-26.713121","34.11711"
"era-2311","16.047272","-32.569633","31.811169","-18.40407","-35.263607","36.47986","10.611915","-26.715046","34.119877"
"era-2312","16.049908","-32.574833","31.81613","-18.405167","-35.265903","36.482063","10.612585","-26.71697","34.122646"
"era-2313","16.052538","-32.58003","31.82109","-18.406265","-35.26821","36.48427","10.613253","-26.718895","34.12541"
"era-2314","16.055172","-32.585228","31.82605","-18.407358","-35.270523","36.486473","10.61392","-26.720821","34.12817"
"era-2315","16.057804","-32.590416","31.831007","-18.408453","-35.272823","36.488674","10.614588","-26.722748","34.13093"
"era-2316","16.060434","-32.59561","31.835964","-18.409546","-35.275112","36.490868","10.615261","-26.72467","34.133698"
"era-2317","16.063065","-32.600803","31.840921","-18.410635","-35.277405","36.493057","10.615931","-26.726591","34.136463"
"era-2318","16.065693","-32.605995","31.845879","-18.41173","-35.279705","36.49526","10.616603","-26.728516","34.139225"
"era-2319","16.068323","-32.61118","31.850832","-18.41282","-35.281998","36.497456","10.617271","-26.730434","34.14198"
"era-2320","16.07095","-32.616375","31.855787","-18.41391","-35.284286","36.499645","10.617944","-26.73236","34.144733"
"era-2321","16.073576","-32.62156","31.86074","-18.414999","-35.286575","36.50184","10.618612","-26.734282","34.147484"
"era-2322","16.076204","-32.626743","31.865698","-18.416088","-35.288864","36.504025","10.619282","-26.736204","34.150234"
"era-2323","16.07883","-32.63193","31.870651","-18.417171","-35.291153","36.506214","10.619953","-26.738127","34.15299"
"era-2324","16.081459","-32.63712","31.875603","-18.418259","-35.293438","36.5084","10.620621","-26.740053","34.155735"
"era-2325","16.08408","-32.642296","31.880554","-18.419344","-35.29572","36.510586","10.621292","-26.741978","34.158497"
"era-2326","16.086702","-32.647472","31.885502","-18.420427","-35.29801","36.512768","10.621962","-26.7439","34.16125"
"era-2327","16.089325","-32.652653","31.89045","-18.421509","-35.300293","36.514946","10.62263","-26.745821","34.163998"
"era-2328","16.09195","-32.65784","31.895397","-18.42259","-35.302578","36.517128","10.623302","-26.747736","34.166744"
"era-2329","16.094574","-32.663017","31.900349","-18.423672","-35.304844","36.519302","10.623971","-26.749659","34.169487"
"era-2330","16.097197","-32.668198","31.905294","-18.424757","-35.30713","36.52149","10.624639","-26.751581","34.17223"
"era-2331","16.099823","-32.673386","31.910242","-18.425833","-35.309406","36.523663","10.625311","-26.753502","34.17497"
"era-2332","16.102448","-32.678562","31.91519","-18.426908","-35.311672","36.52583","10.625982","-26.755419","34.177708"
"era-2333","16.10507","-32.683735","31.920134","-18.427986","-35.313942","36.528","10.626655","-26.757338","34.18044"
"era-2334","16.107693","-32.68891","31.925077","-18.429066","-35.316208","36.53017","10.627328","-26.759253","34.18317"
"era-2335","16.110313","-32.69409","31.930025","-18.430141","-35.31847","36.53234","10.627998","-26.761166","34.185898"
"era-2336","16.112938","-32.699272","31.93497","-18.431221","-35.320736","36.53451","10.628669","-26.763083","34.18863"
"era-2337","16.115559","-32.704445","31.939913","-18.432297","-35.323","36.536682","10.629337","-26.765","34.191357"
"era-2338","16.118177","-32.709618","31.944857","-18.433372","-35.325264","36.53885","10.630004","-26.766909","34.19409"
"era-2339","16.120794","-32.714794","31.949795","-18.43445","-35.327534","36.54102","10.6306715","-26.768822","34.196823"
"era-2340","16.123415","-32.719967","31.954735","-18.435524","-35.32979","36.543182","10.631339","-26.770737","34.19955"
"era-2341","16.126034","-32.725132","31.959673","-18.436598","-35.332047","36.545345","10.632012","-26.77265","34.20227"
"era-2342","16.128649","-32.730305","31.96461","-18.437672","-35.33431","36.54751","10.632685","-26.774572","34.204994"
"era-2343","16.131271","-32.735474","31.96954","-18.438744","-35.33658","36.549675","10.633358","-26.776491","34.207718"
"era-2344","16.133892","-32.74064","31.974476","-18.439812","-35.338844","36.551834","10.634029","-26.778408","34.21044"
"era-2345","16.136505","-32.745804","31.97941","-18.440886","-35.341095","36.553997","10.634704","-26.780323","34.213165"
"era-2346","16.139126","-32.75098","31.984343","-18.441956","-35.343353","36.55616","10.635376","-26.782234","34.215893"
"era-2347","16.141739","-32.756145","31.989279","-18.443026","-35.345608","36.558315","10.636047","-26.784147","34.218616"
"era-2348","16.144361","-32.761314","31.99421","-18.444098","-35.34786","36.56047","10.636719","-26.786062","34.22134"
"era-2349","16.146976","-32.76648","31.999138","-18.44517","-35.350105","36.56263","10.637395","-26.78798","34.224064"
"era-2350","16.149593","-32.771645","32.00407","-18.446241","-35.352352","36.56479","10.638066","-26.78989","34.226784"
"era-2351","16.152206","-32.776806","32.009007","-18.447306","-35.3546","36.56694","10.6387415","-26.791798","34.229507"
"era-2352","16.154823","-32.78198","32.01394","-18.448374","-35.35685","36.569088","10.639418","-26.793707","34.23223"
"era-2353","16.157442","-32.78714","32.018864","-18.449442","-35.359097","36.571243","10.640086","-26.795616","34.23495"
"era-2354","16.160055","-32.79229","32.023792","-18.450508","-35.361336","36.57339","10.6407585","-26.797525","34.237667"
"era-2355","16.16266","-32.797443","32.02872","-18.451576","-35.36358","36.575546","10.641433","-26.79944","34.24039"
"era-2356","16.165262","-32.802597","32.03365","-18.45264","-35.36582","36.577694","10.642107","-26.801361","34.243107"
"era-2357","16.167875","-32.80775","32.038574","-18.453703","-35.368065","36.57984","10.64278","-26.80328","34.245823"
"era-2358","16.170486","-32.81291","32.043503","-18.45477","-35.370296","36.58199","10.643451","-26.805195","34.24853"
"era-2359","16.173096","-32.81806","32.04842","-18.455833","-35.37254","36.584137","10.644125","-26.807104","34.251244"
"era-2360","16.175705","-32.823215","32.053337","-18.4569","-35.374775","36.586285","10.6448","-26.809017","34.25395"
"era-2361","16.178316","-32.82837","32.058254","-18.457964","-35.377007","36.588432","10.645472","-26.810925","34.25665"
"era-2362","16.180925","-32.833527","32.063175","-18.459024","-35.379242","36.590576","10.646139","-26.812836","34.259354"
"era-2363","16.183537","-32.838676","32.0681","-18.460087","-35.38147","36.592716","10.6468115","-26.814743","34.262054"
"era-2364","16.186142","-32.843826","32.073025","-18.46115","-35.3837","36.59486","10.647485","-26.816652","34.26475"
"era-2365","16.18875","-32.84897","32.077938","-18.462206","-35.38593","36.596996","10.648161","-26.81856","34.26745"
"era-2366","16.191355","-32.854115","32.082848","-18.463266","-35.38816","36.59913","10.648835","-26.820465","34.27014"
"era-2367","16.193954","-32.859253","32.08776","-18.464321","-35.39039","36.601265","10.649508","-26.82237","34.27284"
"era-2368","16.19656","-32.864395","32.092678","-18.465376","-35.392616","36.603394","10.650187","-26.82428","34.275536"
"era-2369","16.199162","-32.86954","32.097584","-18.466433","-35.39484","36.60553","10.650862","-26.826187","34.278236"
"era-2370","16.201767","-32.874683","32.102493","-18.467487","-35.397057","36.60766","10.651536","-26.8281","34.28093"
"era-2371","16.20437","-32.879826","32.107407","-18.468544","-35.39927","36.609787","10.652209","-26.830011","34.283627"
"era-2372","16.206974","-32.88497","32.11232","-18.469597","-35.40148","36.61191","10.652885","-26.831915","34.28632"
"era-2373","16.209578","-32.890114","32.11723","-18.470646","-35.403698","36.614033","10.653563","-26.83382","34.289017"
"era-2374","16.212189","-32.89526","32.122135","-18.471697","-35.405907","36.616154","10.654242","-26.835733","34.291702"
"era-2375","16.214798","-32.900406","32.12704","-18.472754","-35.408115","36.61828","10.654917","-26.837635","34.294388"
"era-2376","16.217402","-32.905544","32.13194","-18.4738","-35.41033","36.6204","10.655592","-26.839537","34.297077"
"era-2377","16.22","-32.910675","32.136837","-18.47485","-35.41254","36.622517","10.656269","-26.841444","34.299767"
"era-2378","16.222595","-32.915802","32.141743","-18.475899","-35.414753","36.624638","10.656947","-26.843351","34.302456"
"era-2379","16.225193","-32.92093","32.146645","-18.476952","-35.416958","36.62676","10.657626","-26.845255","34.305145"
"era-2380","16.227789","-32.92606","32.15155","-18.477999","-35.41916","36.628876","10.658305","-26.847164","34.307827"
"era-2381","16.230383","-32.931187","32.15645","-18.479046","-35.421368","36.630985","10.658991","-26.849066","34.31051"
"era-2382","16.232986","-32.936317","32.161343","-18.480087","-35.42358","36.6331","10.659671","-26.850967","34.313194"
"era-2383","16.235584","-32.941444","32.166237","-18.48113","-35.42578","36.63521","10.660349","-26.85287","34.315876"
"era-2384","16.23818","-32.946575","32.171135","-18.482172","-35.427986","36.637314","10.661025","-26.85477","34.318554"
"era-2385","16.240778","-32.951702","32.176033","-18.483217","-35.43019","36.63943","10.661703","-26.856674","34.321236"
"era-2386","16.243368","-32.956825","32.18093","-18.484264","-35.432384","36.64154","10.662379","-26.858576","34.323917"
"era-2387","16.24597","-32.961956","32.18582","-18.48531","-35.434574","36.64365","10.663059","-26.860476","34.3266"
"era-2388","16.248562","-32.96708","32.190716","-18.486351","-35.43678","36.645756","10.66374","-26.862377","34.329277"
"era-2389","16.251152","-32.972195","32.19561","-18.48739","-35.438965","36.647854","10.664419","-26.864277","34.331955"
"era-2390","16.253746","-32.977318","32.2005","-18.48843","-35.441143","36.649956","10.665097","-26.866177","34.334633"
"era-2391","16.256338","-32.982437","32.20539","-18.489477","-35.44333","36.65206","10.665776","-26.86807","34.33731"
"era-2392","16.258928","-32.987553","32.210285","-18.490519","-35.44551","36.654167","10.666456","-26.869968","34.33998"
"era-2393","16.26152","-32.992676","32.215176","-18.491564","-35.447697","36.65627","10.667137","-26.871866","34.34266"
"era-2394","16.264116","-32.9978","32.220062","-18.492603","-35.449886","36.65837","10.667817","-26.873762","34.345337"
"era-2395","16.266705","-33.00291","32.224945","-18.493647","-35.452072","36.660477","10.668497","-26.875662","34.348"
"era-2396","16.269297","-33.00803","32.229828","-18.49469","-35.454258","36.66258","10.669177","-26.877554","34.35066"
"era-2397","16.271887","-33.013145","32.23472","-18.49573","-35.456448","36.66468","10.669858","-26.879452","34.353317"
"era-2398","16.274477","-33.01826","32.2396","-18.496769","-35.458626","36.666775","10.670538","-26.881351","34.355988"
"era-2399","16.27707","-33.023376","32.244488","-18.49781","-35.4608","36.668877","10.671217","-26.883245","34.35865"
"era-2400","16.279657","-33.028492","32.24937","-18.49885","-35.46297","36.67097","10.671896","-26.88515","34.361313"
"era-2401","16.282248","-33.033604","32.25425","-18.499884","-35.465145","36.67306","10.672579","-26.887053","34.36397"
"era-2402","16.284838","-33.03872","32.259132","-18.500917","-35.467327","36.675156","10.673264","-26.88895","34.366627"
"era-2403","16.287426","-33.04382","32.26401","-18.501953","-35.4695","36.677242","10.673945","-26.890844","34.36928"
"era-2404","16.290007","-33.048927","32.268898","-18.502985","-35.471672","36.67933","10.674628","-26.892738","34.371944"
"era-2405","16.292591","-33.05403","32.27378","-18.504019","-35.473843","36.681416","10.675307","-26.894634","34.374596"
"era-2406","16.295176","-33.05914","32.278656","-18.505053","-35.47601","36.683502","10.675987","-26.896524","34.377254"
"era-2407","16.297762","-33.064243","32.28354","-18.506084","-35.478172","36.68559","10.676667","-26.898417","34.379913"
"era-2408","16.300343","-33.069347","32.288414","-18.507118","-35.480335","36.68767","10.677347","-26.90031","34.38257"
"era-2409","16.302923","-33.074448","32.293297","-18.50815","-35.482494","36.68975","10.67803","-26.902197","34.38522"
"era-2410","16.305508","-33.079556","32.298176","-18.509182","-35.484657","36.691837","10.678712","-26.90409","34.38787"
"era-2411","16.308092","-33.084663","32.303055","-18.510218","-35.48682","36.693924","10.679397","-26.905985","34.390522"
"era-2412","16.310675","-33.08976","32.307926","-18.511248","-35.488983","36.696007","10.680079","-26.907877","34.393166"
"era-2413","16.313261","-33.094864","32.312798","-18.51228","-35.491142","36.69809","10.680759","-26.909773","34.39581"
"era-2414","16.31584","-33.099964","32.31767","-18.513308","-35.49331","36.700172","10.6814375","-26.91167","34.39846"
"era-2415","16.318424","-33.10507","32.322533","-18.514338","-35.495476","36.70225","10.682119","-26.913565","34.401108"
"era-2416","16.321007","-33.110165","32.3274","-18.515366","-35.49764","36.70433","10.682802","-26.915447","34.40375"
"era-2417","16.323591","-33.11527","32.332275","-18.516392","-35.4998","36.7064","10.683482","-26.917336","34.406403"
"era-2418","16.326172","-33.12036","32.337135","-18.517418","-35.501957","36.708477","10.684164","-26.919222","34.409046"
"era-2419","16.328758","-33.125465","32.342","-18.518444","-35.504116","36.710556","10.684845","-26.92111","34.41169"
"era-2420","16.33134","-33.13057","32.346867","-18.519474","-35.506268","36.712627","10.685527","-26.923008","34.41433"
"era-2421","16.333921","-33.13566","32.351734","-18.520504","-35.508427","36.71471","10.686209","-26.924898","34.416977"
"era-2422","16.3365","-33.140755","32.356594","-18.521528","-35.510586","36.716785","10.686891","-26.926788","34.419617"
"era-2423","16.339079","-33.145847","32.36146","-18.52256","-35.51274","36.718864","10.687573","-26.928673","34.422256"
"era-2424","16.34165","-33.15093","32.36633","-18.523588","-35.5149","36.72094","10.68826","-26.930561","34.424892"
"era-2425","16.344225","-33.15602","32.37119","-18.52461","-35.51705","36.723007","10.688943","-26.932446","34.427536"
"era-2426","16.3468","-33.16111","32.37605","-18.525639","-35.51919","36.72508","10.689627","-26.934332","34.430176"
"era-2427","16.349375","-33.166195","32.380905","-18.52666","-35.521336","36.727142","10.690311","-26.936222","34.432816"
"era-2428","16.351954","-33.171284","32.385765","-18.527685","-35.52349","36.729214","10.690998","-26.93811","34.435448"
"era-2429","16.354528","-33.176365","32.39063","-18.52871","-35.525646","36.731285","10.691683","-26.94","34.438076"
"era-2430","16.357107","-33.181458","32.39549","-18.529732","-35.527798","36.733353","10.692368","-26.94189","34.4407"
"era-2431","16.35968","-33.186543","32.400345","-18.530756","-35.52994","36.73542","10.693054","-26.943775","34.443325"
"era-2432","16.362255","-33.191628","32.40521","-18.531775","-35.53209","36.737484","10.69374","-26.94566","34.44595"
"era-2433","16.364828","-33.196712","32.410065","-18.532799","-35.534233","36.73955","10.694425","-26.94755","34.448574"
"era-2434","16.3674","-33.201794","32.41492","-18.53382","-35.53637","36.741615","10.69511","-26.949434","34.451195"
"era-2435","16.36997","-33.20687","32.419773","-18.534843","-35.53851","36.74368","10.695795","-26.951313","34.453823"
"era-2436","16.37254","-33.211952","32.42463","-18.535864","-35.540646","36.74574","10.696477","-26.953196","34.456444"
"era-2437","16.37511","-33.217026","32.42948","-18.536882","-35.54278","36.7478","10.697164","-26.955076","34.459064"
"era-2438","16.37768","-33.2221","32.43432","-18.537907","-35.544914","36.74986","10.69785","-26.956957","34.461685"
"era-2439","16.380247","-33.22717","32.43915","-18.538921","-35.54704","36.75191","10.698535","-26.958834","34.464302"
"era-2440","16.382818","-33.23224","32.443996","-18.539936","-35.549164","36.753956","10.69922","-26.960712","34.466923"
"era-2441","16.385384","-33.237312","32.448837","-18.540958","-35.551292","36.756016","10.699906","-26.962593","34.469547"
"era-2442","16.387949","-33.242374","32.45368","-18.541973","-35.553417","36.758064","10.700594","-26.964476","34.472168"
"era-2443","16.390514","-33.247444","32.458523","-18.542986","-35.555542","36.760113","10.701282","-26.966356","34.474785"
"era-2444","16.39309","-33.25252","32.463367","-18.544","-35.55767","36.762165","10.701969","-26.968243","34.477406"
"era-2445","16.39565","-33.257595","32.46822","-18.545013","-35.55979","36.764214","10.70265","-26.970129","34.480015"
"era-2446","16.398218","-33.26267","32.47306","-18.546026","-35.561916","36.766254","10.703338","-26.972012","34.482624"
"era-2447","16.400784","-33.267735","32.477894","-18.547035","-35.564034","36.7683","10.704026","-26.973896","34.485233"
"era-2448","16.403349","-33.2728","32.482746","-18.548046","-35.566143","36.770336","10.704713","-26.97578","34.487846"
"era-2449","16.40591","-33.27787","32.487587","-18.549057","-35.568253","36.772377","10.705401","-26.977657","34.49046"
"era-2450","16.40848","-33.282936","32.49242","-18.550064","-35.570362","36.774414","10.706087","-26.979532","34.493073"
"era-2451","16.411045","-33.288006","32.497265","-18.551077","-35.572475","36.77645","10.706776","-26.981415","34.495686"
"era-2452","16.413614","-33.293076","32.50211","-18.552084","-35.57459","36.77849","10.707465","-26.983295","34.498295"
"era-2453","16.41618","-33.298145","32.506943","-18.553091","-35.576694","36.78052","10.708153","-26.985176","34.5009"
"era-2454","16.418747","-33.30321","32.511784","-18.554098","-35.578796","36.782555","10.708839","-26.987057","34.503506"
"era-2455","16.421312","-33.308273","32.516613","-18.555101","-35.580902","36.78458","10.709528","-26.98894","34.506115"
"era-2456","16.423874","-33.313335","32.52145","-18.556107","-35.583008","36.786613","10.710216","-26.990816","34.508717"
"era-2457","16.42644","-33.318398","32.52629","-18.557116","-35.585106","36.788643","10.710905","-26.992699","34.51132"
"era-2458","16.429003","-33.32346","32.531124","-18.558119","-35.58721","36.790676","10.7115965","-26.994581","34.513924"
"era-2459","16.431566","-33.32853","32.535957","-18.55912","-35.589314","36.792698","10.712287","-26.996458","34.516525"
"era-2460","16.434134","-33.33359","32.540794","-18.560123","-35.59142","36.794724","10.7129755","-26.998333","34.519123"
"era-2461","16.436695","-33.338654","32.545624","-18.561127","-35.59351","36.796753","10.713662","-27.000212","34.521717"
"era-2462","16.439255","-33.343716","32.55046","-18.56213","-35.595608","36.79878","10.714351","-27.002089","34.524303"
"era-2463","16.441818","-33.348778","32.555294","-18.563133","-35.5977","36.800804","10.715036","-27.003963","34.526897"
"era-2464","16.444376","-33.353832","32.560123","-18.564137","-35.5998","36.802826","10.715724","-27.00584","34.529484"
"era-2465","16.446934","-33.358887","32.564957","-18.565138","-35.6019","36.804855","10.716412","-27.007715","34.532066"
"era-2466","16.449492","-33.36394","32.569782","-18.566145","-35.603985","36.806885","10.717099","-27.009596","34.534657"
"era-2467","16.452053","-33.368996","32.574608","-18.567142","-35.60608","36.8089","10.717788","-27.011473","34.537243"
"era-2468","16.454613","-33.374046","32.57943","-18.568146","-35.60817","36.810925","10.718476","-27.013348","34.53983"
"era-2469","16.457167","-33.3791","32.584255","-18.569145","-35.61026","36.812943","10.719167","-27.015223","34.542416"
"era-2470","16.459723","-33.384144","32.58908","-18.570147","-35.61235","36.814964","10.719857","-27.017094","34.54499"
"era-2471","16.462276","-33.38919","32.593895","-18.571146","-35.61444","36.816986","10.720549","-27.018965","34.547565"
"era-2472","16.464834","-33.394245","32.598724","-18.572145","-35.616535","36.819004","10.721235","-27.020836","34.550144"
"era-2473","16.467388","-33.399292","32.603546","-18.573145","-35.61862","36.82102","10.721929","-27.022705","34.552723"
"era-2474","16.469942","-33.40434","32.608376","-18.574148","-35.62071","36.823044","10.722618","-27.024578","34.555305"
"era-2475","16.472502","-33.409393","32.61319","-18.575144","-35.6228","36.82506","10.723307","-27.026453","34.55788"
"era-2476","16.475056","-33.41444","32.618008","-18.576149","-35.624893","36.827087","10.723995","-27.028322","34.56045"
"era-2477","16.477613","-33.419483","32.62282","-18.577145","-35.626976","36.829105","10.724684","-27.030195","34.563023"
"era-2478","16.480162","-33.42452","32.627644","-18.578142","-35.62907","36.831123","10.725373","-27.032068","34.565605"
"era-2479","16.482714","-33.42957","32.63246","-18.579142","-35.63116","36.833138","10.726064","-27.033945","34.568188"
"era-2480","16.485266","-33.434605","32.637276","-18.580135","-35.633244","36.83515","10.726755","-27.035818","34.57077"
"era-2481","16.487823","-33.439655","32.642086","-18.581133","-35.635323","36.837162","10.727448","-27.037687","34.57335"
"era-2482","16.490374","-33.4447","32.646915","-18.582132","-35.63741","36.83918","10.728138","-27.039562","34.575924"
"era-2483","16.49293","-33.449745","32.651733","-18.583128","-35.63949","36.84119","10.728828","-27.041441","34.5785"
"era-2484","16.49548","-33.45478","32.656544","-18.58412","-35.64156","36.843197","10.72952","-27.043314","34.58107"
"era-2485","16.498028","-33.45982","32.661366","-18.585112","-35.643635","36.845196","10.730212","-27.045183","34.583645"
"era-2486","16.500576","-33.464855","32.66618","-18.586105","-35.6457","36.847202","10.7309065","-27.047058","34.586216"
"era-2487","16.503126","-33.469894","32.67099","-18.587097","-35.647766","36.8492","10.731598","-27.048935","34.588787"
"era-2488","16.505676","-33.474934","32.6758","-18.588093","-35.649837","36.85121","10.732285","-27.050802","34.591354"
"era-2489","16.508224","-33.479973","32.68062","-18.58908","-35.651913","36.85321","10.732972","-27.052671","34.59392"
"era-2490","16.51077","-33.485","32.685425","-18.590073","-35.65398","36.855213","10.733662","-27.05454","34.596485"
"era-2491","16.513317","-33.490036","32.69023","-18.591059","-35.656044","36.857204","10.734352","-27.056408","34.599056"
"era-2492","16.515862","-33.495068","32.695038","-18.59205","-35.65811","36.859207","10.735039","-27.058273","34.60163"
"era-2493","16.518406","-33.5001","32.699852","-18.593037","-35.660175","36.8612","10.735728","-27.060139","34.604202"
"era-2494","16.520954","-33.50513","32.704655","-18.594027","-35.662235","36.86319","10.736415","-27.062","34.606773"
"era-2495","16.5235","-33.510166","32.709473","-18.595015","-35.664295","36.86519","10.737104","-27.06387","34.609337"
"era-2496","16.526049","-33.5152","32.714275","-18.596003","-35.66636","36.867184","10.737795","-27.065737","34.6119"
"era-2497","16.528603","-33.520233","32.719074","-18.596989","-35.668427","36.869175","10.738485","-27.067602","34.614468"
"era-2498","16.531147","-33.525265","32.723873","-18.597975","-35.670483","36.871166","10.73918","-27.06947","34.617035"
"era-2499","16.533693","-33.530296","32.728676","-18.59896","-35.67254","36.873158","10.739868","-27.071337","34.6196"
"era-2500","16.53624","-33.535324","32.733475","-18.599945","-35.674595","36.875145","10.740556","-27.073202","34.622154"
"era-2501","16.538784","-33.54035","32.73827","-18.600933","-35.676643","36.877132","10.741243","-27.07506","34.62471"
"era-2502","16.54133","-33.545383","32.74307","-18.601917","-35.678696","36.87912","10.741933","-27.07692","34.627266"
"era-2503","16.543877","-33.550407","32.747875","-18.602898","-35.68075","36.881104","10.742625","-27.078787","34.62982"
"era-2504","16.54642","-33.555428","32.752674","-18.603882","-35.682796","36.883087","10.743319","-27.08065","34.63238"
"era-2505","16.548962","-33.56045","32.75746","-18.604864","-35.68485","36.885067","10.744015","-27.082512","34.634933"
"era-2506","16.551506","-33.56547","32.76225","-18.605846","-35.686905","36.88705","10.744709","-27.084373","34.63748"
"era-2507","16.554045","-33.570484","32.76704","-18.606827","-35.68895","36.88903","10.745402","-27.086237","34.640034"
"era-2508","16.556581","-33.5755","32.77183","-18.607811","-35.690998","36.891018","10.746097","-27.088097","34.642582"
"era-2509","16.55912","-33.58052","32.776623","-18.608797","-35.693043","36.893","10.746787","-27.089956","34.645123"
"era-2510","16.561666","-33.585537","32.781406","-18.609777","-35.695084","36.89498","10.74748","-27.091816","34.647663"
"era-2511","16.564203","-33.590553","32.786205","-18.610762","-35.697124","36.896965","10.748175","-27.093678","34.65021"
"era-2512","16.566738","-33.595573","32.791004","-18.611742","-35.69917","36.898945","10.748867","-27.09554","34.652756"
"era-2513","16.569275","-33.60058","32.795784","-18.612722","-35.70121","36.90092","10.74956","-27.097403","34.655296"
"era-2514","16.571814","-33.60559","32.800568","-18.613699","-35.70325","36.902893","10.750256","-27.099264","34.65784"
"era-2515","16.574345","-33.6106","32.805355","-18.614674","-35.7053","36.90487","10.750955","-27.101122","34.660385"
"era-2516","16.576881","-33.615604","32.81014","-18.61565","-35.707336","36.906837","10.751653","-27.102983","34.662914"
"era-2517","16.57941","-33.620605","32.814922","-18.616629","-35.709377","36.908813","10.752352","-27.104845","34.66545"
"era-2518","16.581944","-33.625614","32.819706","-18.617603","-35.711414","36.91078","10.753046","-27.1067","34.667988"
"era-2519","16.584478","-33.630623","32.824486","-18.61858","-35.713444","36.912754","10.75374","-27.108566","34.670525"
"era-2520","16.587015","-33.635628","32.829266","-18.619556","-35.715473","36.914722","10.754434","-27.110428","34.67306"
"era-2521","16.589546","-33.64063","32.83405","-18.620535","-35.717503","36.91669","10.755132","-27.112291","34.675602"
"era-2522","16.592077","-33.645626","32.83883","-18.62151","-35.71954","36.918663","10.755829","-27.114159","34.67814"
"era-2523","16.594606","-33.650627","32.843597","-18.622488","-35.72157","36.920635","10.756527","-27.116026","34.680676"
"era-2524","16.59714","-33.65563","32.848377","-18.623463","-35.723595","36.9226","10.757222","-27.11789","34.6832"
"era-2525","16.599669","-33.660633","32.853153","-18.624441","-35.725628","36.924572","10.757917","-27.119743","34.685726"
"era-2526","16.602207","-33.665638","32.85793","-18.625423","-35.727665","36.92655","10.758613","-27.121605","34.68825"
"era-2527","16.604734","-33.67064","32.862705","-18.6264","-35.729702","36.928524","10.759309","-27.123465","34.690784"
"era-2528","16.607273","-33.675644","32.86748","-18.627377","-35.73173","36.930492","10.760003","-27.125319","34.693314"
"era-2529","16.609806","-33.680653","32.872257","-18.628351","-35.733757","36.932457","10.760703","-27.127176","34.695843"
"era-2530","16.612333","-33.685642","32.877033","-18.629326","-35.735783","36.934418","10.761402","-27.129028","34.69837"
"era-2531","16.614862","-33.69064","32.881805","-18.6303","-35.7378","36.936382","10.762103","-27.130886","34.7009"
"era-2532","16.617393","-33.69564","32.886574","-18.63127","-35.739822","36.938335","10.762803","-27.132744","34.703423"
"era-2533","16.619925","-33.700638","32.89135","-18.632236","-35.741848","36.940292","10.763503","-27.134602","34.705944"
"era-2534","16.622456","-33.705635","32.89612","-18.633207","-35.743866","36.94225","10.764207","-27.13646","34.70846"
"era-2535","16.624989","-33.71064","32.900887","-18.634172","-35.745888","36.9442","10.764908","-27.138325","34.71098"
"era-2536","16.627518","-33.71563","32.90565","-18.635141","-35.747906","36.946156","10.765607","-27.140188","34.713497"
"era-2537","16.630045","-33.720615","32.910408","-18.63611","-35.749924","36.94811","10.766309","-27.14205","34.716022"
"era-2538","16.632572","-33.725613","32.915184","-18.637072","-35.751945","36.950058","10.767007","-27.143911","34.718548"
"era-2539","16.635094","-33.7306","32.91995","-18.638039","-35.753967","36.952007","10.76771","-27.14577","34.72107"
"era-2540","16.63762","-33.73559","32.924713","-18.639008","-35.755978","36.95396","10.768411","-27.147625","34.72359"
"era-2541","16.640146","-33.740574","32.929474","-18.639977","-35.75799","36.955914","10.769111","-27.149485","34.726105"
"era-2542","16.642672","-33.745564","32.934227","-18.64094","-35.760002","36.95786","10.769811","-27.151342","34.72861"
"era-2543","16.645199","-33.750553","32.938988","-18.641905","-35.762005","36.959805","10.770513","-27.153202","34.731125"
"era-2544","16.647717","-33.75554","32.943756","-18.64287","-35.76401","36.961754","10.771214","-27.155052","34.73364"
"era-2545","16.650248","-33.760532","32.948517","-18.64383","-35.76602","36.96369","10.771913","-27.156916","34.73615"
"era-2546","16.652775","-33.76552","32.953274","-18.644796","-35.768024","36.96564","10.772613","-27.15878","34.738655"
"era-2547","16.655296","-33.7705","32.95803","-18.645761","-35.770027","36.967587","10.773313","-27.160639","34.74116"
"era-2548","16.657822","-33.775482","32.962784","-18.646725","-35.77203","36.969532","10.774012","-27.162495","34.74367"
"era-2549","16.66034","-33.78046","32.96754","-18.647688","-35.774033","36.971474","10.774712","-27.164356","34.746178"
"era-2550","16.662857","-33.785435","32.972298","-18.648651","-35.776028","36.97341","10.7754135","-27.166216","34.748684"
"era-2551","16.665375","-33.790417","32.97705","-18.649618","-35.77803","36.975357","10.7761135","-27.168072","34.75119"
"era-2552","16.667896","-33.79539","32.9818","-18.65058","-35.78002","36.977303","10.776816","-27.169924","34.75369"
"era-2553","16.670414","-33.80036","32.986553","-18.651543","-35.782024","36.97924","10.777523","-27.171782","34.75619"
"era-2554","16.672928","-33.805332","32.99131","-18.652502","-35.78402","36.98118","10.778228","-27.173637","34.758698"
"era-2555","16.67545","-33.810314","32.99606","-18.653461","-35.78601","36.983112","10.778928","-27.175493","34.7612"
"era-2556","16.677969","-33.815292","33.00081","-18.654423","-35.78801","36.985046","10.77963","-27.17735","34.763702"
"era-2557","16.680489","-33.82027","33.005554","-18.655382","-35.79001","36.98698","10.780332","-27.179205","34.766205"
"era-2558","16.683004","-33.825237","33.010303","-18.656343","-35.792004","36.988922","10.781032","-27.181057","34.768707"
"era-2559","16.685522","-33.830215","33.015053","-18.657303","-35.794","36.990856","10.781733","-27.182907","34.771206"
"era-2560","16.68804","-33.83518","33.01979","-18.658262","-35.795998","36.99279","10.782437","-27.184763","34.773705"
"era-2561","16.690552","-33.84015","33.02454","-18.659222","-35.797993","36.994728","10.783142","-27.186619","34.7762"
"era-2562","16.693068","-33.845116","33.029278","-18.660185","-35.799984","36.996662","10.783844","-27.188467","34.778694"
"era-2563","16.695581","-33.850082","33.03402","-18.661142","-35.80197","36.998596","10.784544","-27.19032","34.781193"
"era-2564","16.698095","-33.855045","33.038754","-18.662098","-35.80396","37.000523","10.785243","-27.192175","34.78369"
"era-2565","16.700611","-33.860012","33.043488","-18.663055","-35.805946","37.00245","10.785945","-27.194023","34.786194"
"era-2566","16.70312","-33.86498","33.048233","-18.664017","-35.807934","37.004383","10.786651","-27.195877","34.78869"
"era-2567","16.705637","-33.869946","33.052975","-18.664972","-35.80992","37.006306","10.7873535","-27.197723","34.791183"
"era-2568","16.708149","-33.87491","33.057716","-18.665924","-35.811905","37.008232","10.788055","-27.199572","34.793674"
"era-2569","16.710663","-33.87987","33.062454","-18.66688","-35.81389","37.010155","10.788758","-27.201424","34.79616"
"era-2570","16.713171","-33.884834","33.067192","-18.667831","-35.815876","37.01208","10.789462","-27.203274","34.798653"
"era-2571","16.715683","-33.889797","33.071934","-18.668789","-35.817856","37.014004","10.790166","-27.205128","34.801144"
"era-2572","16.718193","-33.89476","33.07667","-18.669739","-35.819836","37.015923","10.790868","-27.20698","34.80363"
"era-2573","16.720707","-33.899727","33.08141","-18.670692","-35.821808","37.01784","10.791571","-27.20883","34.806114"
"era-2574","16.72322","-33.90469","33.086147","-18.671648","-35.823784","37.019764","10.792278","-27.210684","34.808598"
"era-2575","16.72573","-33.909645","33.090885","-18.672606","-35.825764","37.021694","10.792979","-27.212532","34.81108"
"era-2576","16.72824","-33.914608","33.09562","-18.67356","-35.82774","37.023613","10.793682","-27.214382","34.81357"
"era-2577","16.730751","-33.919567","33.100357","-18.674511","-35.829712","37.025528","10.794384","-27.216225","34.81605"
"era-2578","16.733265","-33.924534","33.105095","-18.675463","-35.831673","37.027443","10.795088","-27.218075","34.818535"
"era-2579","16.735771","-33.929493","33.109837","-18.676414","-35.833637","37.02936","10.7957945","-27.219927","34.821026"
"era-2580","16.73828","-33.93445","33.114574","-18.677366","-35.835613","37.031277","10.796502","-27.221773","34.823513"
"era-2581","16.740791","-33.939404","33.119305","-18.678318","-35.837585","37.03319","10.797212","-27.223623","34.82599"
"era-2582","16.7433","-33.944363","33.12404","-18.679268","-35.83955","37.035103","10.797918","-27.225473","34.828472"
"era-2583","16.745808","-33.949318","33.12877","-18.680218","-35.84152","37.037014","10.798626","-27.22732","34.83095"
"era-2584","16.748316","-33.95427","33.133503","-18.681166","-35.84349","37.038925","10.799333","-27.229168","34.833424"
"era-2585","16.750822","-33.959217","33.138226","-18.682112","-35.845448","37.040833","10.800041","-27.231012","34.835903"
"era-2586","16.753336","-33.964176","33.142956","-18.683062","-35.847412","37.042744","10.800746","-27.232859","34.838375"
"era-2587","16.75584","-33.969128","33.14769","-18.684006","-35.849377","37.044643","10.801455","-27.234707","34.84085"
"era-2588","16.758345","-33.974083","33.152412","-18.684954","-35.851337","37.04655","10.802161","-27.236553","34.84333"
"era-2589","16.760855","-33.97903","33.157135","-18.685896","-35.853294","37.04845","10.802871","-27.238398","34.845806"
"era-2590","16.763353","-33.98398","33.16186","-18.68684","-35.855247","37.050346","10.803581","-27.240242","34.848278"
"era-2591","16.765865","-33.98893","33.166588","-18.687786","-35.85721","37.05225","10.804284","-27.24209","34.85075"
"era-2592","16.76837","-33.993877","33.171314","-18.68873","-35.85917","37.054157","10.804993","-27.243935","34.85322"
"era-2593","16.770876","-33.998825","33.176037","-18.689674","-35.86113","37.056057","10.805701","-27.245783","34.855694"
"era-2594","16.773378","-34.003773","33.18075","-18.690619","-35.863083","37.057964","10.806411","-27.247635","34.858166"
"era-2595","16.775885","-34.00872","33.18547","-18.691565","-35.86504","37.05986","10.807116","-27.249481","34.860634"
"era-2596","16.77839","-34.01367","33.19019","-18.692507","-35.866993","37.061764","10.80782","-27.251324","34.8631"
"era-2597","16.780897","-34.01862","33.194912","-18.693453","-35.868942","37.063663","10.808526","-27.25317","34.865566"
"era-2598","16.783405","-34.023567","33.19963","-18.694395","-35.87089","37.06556","10.809233","-27.255014","34.868034"
"era-2599","16.785904","-34.028507","33.20435","-18.695337","-35.872833","37.06745","10.809941","-27.256853","34.870502"
"era-2600","16.788406","-34.03345","33.209064","-18.696276","-35.874783","37.069344","10.810647","-27.258705","34.872963"
"era-2601","16.790907","-34.038387","33.21378","-18.697216","-35.876728","37.071236","10.811353","-27.260548","34.875423"
"era-2602","16.79341","-34.043335","33.218494","-18.69816","-35.878674","37.073135","10.812059","-27.26239","34.87788"
"era-2603","16.795912","-34.04827","33.223206","-18.6991","-35.88062","37.075024","10.81277","-27.264229","34.88034"
"era-2604","16.798414","-34.05322","33.227917","-18.70004","-35.88256","37.076916","10.813476","-27.266071","34.882797"
"era-2605","16.800913","-34.058147","33.232624","-18.700977","-35.8845","37.078804","10.814183","-27.267914","34.88525"
"era-2606","16.80341","-34.063084","33.237343","-18.70192","-35.886433","37.08069","10.814891","-27.269758","34.88771"
"era-2607","16.805906","-34.06802","33.242054","-18.702854","-35.88837","37.082573","10.815602","-27.271605","34.890175"
"era-2608","16.808401","-34.072952","33.246765","-18.70379","-35.89031","37.084457","10.816316","-27.273449","34.89263"
"era-2609","16.810905","-34.077892","33.251472","-18.704725","-35.89225","37.086338","10.817026","-27.275282","34.895084"
"era-2610","16.813404","-34.082825","33.25618","-18.705664","-35.89418","37.088223","10.8177395","-27.277119","34.89754"
"era-2611","16.815903","-34.087757","33.260895","-18.706596","-35.896114","37.0901","10.818452","-27.278963","34.899998"
"era-2612","16.818398","-34.092693","33.265606","-18.707533","-35.89805","37.09198","10.819161","-27.280806","34.90245"
"era-2613","16.820898","-34.09763","33.270317","-18.708467","-35.899982","37.09386","10.819873","-27.282648","34.9049"
"era-2614","16.823395","-34.102566","33.27503","-18.709404","-35.901913","37.095745","10.820583","-27.284489","34.907352"
"era-2615","16.825893","-34.107502","33.27973","-18.710342","-35.903843","37.097626","10.821292","-27.286327","34.90981"
"era-2616","16.828394","-34.112434","33.28444","-18.711273","-35.90577","37.0995","10.822003","-27.288172","34.912262"
"era-2617","16.830889","-34.11736","33.289143","-18.712202","-35.907692","37.101368","10.822717","-27.29002","34.914707"
"era-2618","16.833385","-34.12229","33.29385","-18.71313","-35.909615","37.103237","10.823432","-27.291862","34.917152"
"era-2619","16.835884","-34.127216","33.298546","-18.714064","-35.91154","37.105114","10.824145","-27.293705","34.9196"
"era-2620","16.838375","-34.13214","33.30325","-18.714994","-35.91346","37.106983","10.824857","-27.295542","34.922043"
"era-2621","16.84087","-34.137074","33.30796","-18.715921","-35.915386","37.10885","10.825566","-27.297382","34.924488"
"era-2622","16.843363","-34.142","33.312668","-18.716852","-35.9173","37.110718","10.82628","-27.299217","34.926937"
"era-2623","16.845863","-34.146923","33.31736","-18.717781","-35.919224","37.112583","10.826995","-27.30106","34.929375"
"era-2624","16.848352","-34.151844","33.32207","-18.718712","-35.921143","37.114452","10.827713","-27.3029","34.93181"
"era-2625","16.850842","-34.156765","33.326763","-18.71964","-35.923058","37.11632","10.828433","-27.304737","34.934246"
"era-2626","16.85333","-34.161682","33.331463","-18.720572","-35.924973","37.11819","10.829146","-27.306576","34.936684"
"era-2627","16.855822","-34.1666","33.33615","-18.721498","-35.926884","37.12005","10.829864","-27.308418","34.93913"
"era-2628","16.85831","-34.171524","33.34085","-18.722425","-35.928802","37.121914","10.830579","-27.31026","34.941574"
"era-2629","16.860811","-34.176453","33.345547","-18.72335","-35.930717","37.123775","10.831293","-27.312103","34.944016"
"era-2630","16.863302","-34.18137","33.350243","-18.724277","-35.93263","37.125637","10.832011","-27.313938","34.946457"
"era-2631","16.865791","-34.186283","33.35494","-18.7252","-35.934544","37.127495","10.832725","-27.315777","34.9489"
"era-2632","16.868275","-34.191196","33.35963","-18.72613","-35.936462","37.129356","10.83344","-27.317614","34.951336"
"era-2633","16.870768","-34.196114","33.364323","-18.727055","-35.938374","37.131218","10.834156","-27.319454","34.953766"
"era-2634","16.873259","-34.201035","33.36901","-18.727982","-35.94028","37.133083","10.834873","-27.321291","34.956196"
"era-2635","16.87575","-34.20595","33.37369","-18.72891","-35.942196","37.134945","10.835589","-27.323128","34.95862"
"era-2636","16.878235","-34.210857","33.37838","-18.72984","-35.944103","37.13681","10.836305","-27.32496","34.961044"
"era-2637","16.880724","-34.21577","33.383068","-18.730768","-35.946003","37.13867","10.83702","-27.326796","34.963467"
"era-2638","16.883213","-34.220684","33.38775","-18.73169","-35.947903","37.140522","10.837738","-27.328632","34.96589"
"era-2639","16.8857","-34.225594","33.392433","-18.732615","-35.94981","37.142376","10.838457","-27.330465","34.96831"
"era-2640","16.888184","-34.230507","33.39712","-18.733534","-35.951717","37.14423","10.839173","-27.332294","34.970737"
"era-2641","16.890673","-34.235416","33.40181","-18.734459","-35.95362","37.146088","10.8398905","-27.334127","34.97316"
"era-2642","16.89316","-34.240334","33.406506","-18.73538","-35.955536","37.14794","10.840608","-27.335955","34.97558"
"era-2643","16.895647","-34.245243","33.41119","-18.736303","-35.95743","37.14979","10.841323","-27.337786","34.978004"
"era-2644","16.898132","-34.25015","33.41587","-18.73722","-35.95933","37.151638","10.842042","-27.339622","34.98043"
"era-2645","16.900616","-34.25506","33.42056","-18.738146","-35.961227","37.15349","10.842759","-27.341463","34.982845"
"era-2646","16.9031","-34.25996","33.42524","-18.739065","-35.96313","37.155342","10.843476","-27.343302","34.985264"
"era-2647","16.905586","-34.264866","33.429913","-18.739988","-35.965023","37.157192","10.844196","-27.345142","34.987686"
"era-2648","16.908072","-34.26977","33.434593","-18.74091","-35.966915","37.15904","10.844916","-27.346977","34.99011"
"era-2649","16.910555","-34.274677","33.43927","-18.74183","-35.968807","37.160885","10.845636","-27.348812","34.992527"
"era-2650","16.913042","-34.27958","33.443947","-18.742746","-35.970695","37.162724","10.846357","-27.35065","34.994946"
"era-2651","16.915525","-34.28448","33.44862","-18.743668","-35.97258","37.16457","10.847078","-27.352482","34.997364"
"era-2652","16.918005","-34.28938","33.453297","-18.744583","-35.97447","37.166405","10.847797","-27.35431","34.99978"
"era-2653","16.920488","-34.294285","33.457973","-18.745499","-35.976368","37.168247","10.848515","-27.356144","35.00219"
"era-2654","16.922972","-34.299187","33.462646","-18.746416","-35.97826","37.17009","10.849235","-27.357975","35.00461"
"era-2655","16.925453","-34.304092","33.467327","-18.747332","-35.98014","37.171925","10.849955","-27.359806","35.007023"
"era-2656","16.927938","-34.308994","33.472","-18.74825","-35.98202","37.173763","10.850674","-27.361637","35.00943"
"era-2657","16.93042","-34.313896","33.47668","-18.749165","-35.983913","37.175606","10.851393","-27.36347","35.01184"
"era-2658","16.932907","-34.3188","33.481358","-18.75008","-35.9858","37.17744","10.852111","-27.365303","35.014256"
"era-2659","16.935389","-34.3237","33.48603","-18.750994","-35.98769","37.17928","10.852825","-27.367136","35.016663"
"era-2660","16.937866","-34.3286","33.490696","-18.75191","-35.98958","37.181114","10.853542","-27.368969","35.019073"
"era-2661","16.94035","-34.3335","33.49537","-18.75282","-35.991467","37.182945","10.854259","-27.370804","35.021484"
"era-2662","16.94283","-34.338394","33.500034","-18.75373","-35.99335","37.18478","10.854973","-27.372637","35.023895"
"era-2663","16.945307","-34.34329","33.504704","-18.754644","-35.995235","37.18661","10.855689","-27.37447","35.026302"
"era-2664","16.947786","-34.348183","33.509377","-18.755556","-35.997116","37.188446","10.856409","-27.376307","35.02871"
"era-2665","16.95026","-34.353073","33.514046","-18.75647","-35.999","37.190277","10.857129","-27.378141","35.03112"
"era-2666","16.952736","-34.35796","33.51871","-18.757383","-36.00088","37.192112","10.857849","-27.379972","35.033524"
"era-2667","16.955217","-34.36286","33.52337","-18.758297","-36.00276","37.193943","10.85857","-27.381804","35.035934"
"era-2668","16.957693","-34.36775","33.528034","-18.759209","-36.004635","37.19577","10.859292","-27.383636","35.03834"
"era-2669","16.96017","-34.372635","33.5327","-18.760124","-36.00651","37.197605","10.860011","-27.385466","35.04075"
"era-2670","16.962646","-34.377518","33.53736","-18.76104","-36.00839","37.19944","10.860735","-27.387299","35.04315"
"era-2671","16.965122","-34.38241","33.542023","-18.761955","-36.010265","37.201275","10.861454","-27.389132","35.045555"
"era-2672","16.967596","-34.3873","33.546688","-18.762863","-36.012135","37.203094","10.862175","-27.390959","35.04796"
"era-2673","16.970076","-34.39219","33.551353","-18.763775","-36.014008","37.204926","10.8629","-27.39279","35.050358"
"era-2674","16.97255","-34.39708","33.556015","-18.764687","-36.015884","37.20675","10.863619","-27.394619","35.052757"
"era-2675","16.97503","-34.401966","33.56067","-18.765596","-36.01776","37.20858","10.864341","-27.396452","35.055157"
"era-2676","16.977503","-34.406853","33.565327","-18.766506","-36.019634","37.210407","10.865063","-27.398285","35.057556"
"era-2677","16.979975","-34.411728","33.56999","-18.767416","-36.0215","37.212227","10.8657875","-27.400112","35.059967"
"era-2678","16.982447","-34.416615","33.574646","-18.768326","-36.023373","37.214054","10.866511","-27.401947","35.062363"
"era-2679","16.984917","-34.421494","33.579296","-18.769241","-36.025246","37.215885","10.867233","-27.403776","35.06476"
"era-2680","16.987392","-34.426376","33.583954","-18.77015","-36.02712","37.21771","10.867956","-27.405603","35.067154"
"era-2681","16.989868","-34.431263","33.588615","-18.771059","-36.028984","37.21953","10.868675","-27.407433","35.069557"
"era-2682","16.99234","-34.436146","33.593273","-18.771967","-36.03085","37.221348","10.869397","-27.409262","35.071953"
"era-2683","16.994808","-34.441025","33.597927","-18.772875","-36.032722","37.223167","10.870117","-27.411087","35.07435"
"era-2684","16.997282","-34.445904","33.602573","-18.773779","-36.034588","37.224983","10.870838","-27.412918","35.076748"
"era-2685","16.999752","-34.450783","33.607224","-18.774687","-36.036446","37.226803","10.871559","-27.41475","35.079147"
"era-2686","17.002224","-34.45566","33.611874","-18.775593","-36.03831","37.22862","10.872283","-27.416576","35.081543"
"era-2687","17.004696","-34.46054","33.616528","-18.776503","-36.040173","37.23044","10.873006","-27.418407","35.08394"
"era-2688","17.007164","-34.465416","33.621178","-18.77741","-36.042034","37.232254","10.873727","-27.420238","35.086334"
"era-2689","17.00963","-34.47029","33.62583","-18.778315","-36.043896","37.234077","10.874449","-27.422075","35.088726"
"era-2690","17.0121","-34.47517","33.630486","-18.779222","-36.04575","37.235893","10.8751745","-27.423904","35.09111"
"era-2691","17.014574","-34.48004","33.635124","-18.78013","-36.047604","37.237705","10.8759","-27.425734","35.0935"
"era-2692","17.01705","-34.48493","33.639767","-18.781038","-36.049465","37.239525","10.876626","-27.427563","35.095886"
"era-2693","17.019522","-34.489803","33.644417","-18.78194","-36.051323","37.241333","10.87735","-27.429392","35.09827"
"era-2694","17.02199","-34.494675","33.649067","-18.782843","-36.053185","37.24314","10.878073","-27.43122","35.100647"
"era-2695","17.024454","-34.499546","33.65371","-18.783743","-36.055042","37.24495","10.878799","-27.433048","35.103027"
"era-2696","17.02692","-34.504414","33.658356","-18.784645","-36.0569","37.246758","10.879527","-27.434874","35.105415"
"era-2697","17.029392","-34.50929","33.663","-18.785547","-36.058754","37.24857","10.880252","-27.436697","35.1078"
"era-2698","17.031862","-34.514156","33.667637","-18.78645","-36.060616","37.250378","10.880974","-27.438524","35.110188"
"era-2699","17.034325","-34.519024","33.67228","-18.787355","-36.062473","37.25219","10.881701","-27.440346","35.11257"
"era-2700","17.03679","-34.52389","33.67692","-18.788256","-36.064323","37.253994","10.882429","-27.442171","35.114956"
"era-2701","17.039259","-34.528763","33.681564","-18.789164","-36.06617","37.255802","10.883154","-27.443995","35.11734"
"era-2702","17.041729","-34.533638","33.686214","-18.790062","-36.06803","37.257607","10.883879","-27.445822","35.119728"
"era-2703","17.044197","-34.538506","33.69085","-18.790964","-36.069878","37.259415","10.8846035","-27.447647","35.12211"
"era-2704","17.04666","-34.543373","33.695488","-18.791864","-36.071728","37.26122","10.88533","-27.449474","35.124485"
"era-2705","17.049128","-34.54824","33.700134","-18.792767","-36.07358","37.263027","10.886056","-27.451307","35.126865"
"era-2706","17.051588","-34.553104","33.704784","-18.79367","-36.075436","37.26483","10.886782","-27.453133","35.129242"
"era-2707","17.05405","-34.557972","33.70942","-18.79457","-36.077286","37.266647","10.88751","-27.454964","35.13162"
"era-2708","17.056517","-34.56283","33.71405","-18.795473","-36.079132","37.26845","10.888235","-27.45679","35.13399"
"era-2709","17.058983","-34.56769","33.718685","-18.796373","-36.08098","37.270256","10.888963","-27.458618","35.136368"
"era-2710","17.061445","-34.57255","33.723324","-18.797277","-36.082817","37.272057","10.889691","-27.460443","35.138737"
"era-2711","17.06391","-34.57742","33.727962","-18.798176","-36.084667","37.273857","10.890421","-27.46227","35.14111"
"era-2712","17.066374","-34.582283","33.73259","-18.799074","-36.08652","37.27566","10.891154","-27.4641","35.14349"
"era-2713","17.068838","-34.58714","33.73722","-18.799978","-36.088367","37.277466","10.891884","-27.465925","35.145866"
"era-2714","17.071302","-34.592003","33.74185","-18.800882","-36.090206","37.27927","10.892611","-27.467749","35.14824"
"era-2715","17.073769","-34.596863","33.74648","-18.80178","-36.092045","37.281067","10.893339","-27.46957","35.150604"
"era-2716","17.076225","-34.60172","33.751106","-18.802677","-36.093884","37.282864","10.894071","-27.4714","35.15297"
"era-2717","17.078688","-34.606575","33.755733","-18.803574","-36.095726","37.28466","10.894796","-27.473219","35.15534"
"era-2718","17.081148","-34.611435","33.76036","-18.80447","-36.09756","37.286453","10.895524","-27.47504","35.157703"
"era-2719","17.08361","-34.61629","33.764988","-18.805368","-36.099403","37.28825","10.896253","-27.476866","35.160072"
"era-2720","17.086071","-34.621147","33.769615","-18.806261","-36.101246","37.29004","10.896983","-27.478691","35.162445"
"era-2721","17.088535","-34.625996","33.774235","-18.80716","-36.10308","37.291832","10.897712","-27.480507","35.16481"
"era-2722","17.090992","-34.63085","33.778862","-18.808056","-36.104908","37.29362","10.89844","-27.482334","35.16718"
"era-2723","17.093445","-34.635696","33.783493","-18.808945","-36.10674","37.295406","10.89917","-27.484158","35.169548"
"era-2724","17.095903","-34.640545","33.78811","-18.809843","-36.108574","37.2972","10.8999","-27.48598","35.171917"
"era-2725","17.098364","-34.645397","33.79273","-18.810738","-36.110397","37.29899","10.900631","-27.487804","35.17429"
"era-2726","17.100822","-34.65025","33.797348","-18.811632","-36.112225","37.300774","10.901362","-27.489622","35.176643"
"era-2727","17.103283","-34.655098","33.801964","-18.812525","-36.114056","37.30256","10.902092","-27.491438","35.17901"
"era-2728","17.105738","-34.659943","33.80658","-18.813416","-36.11588","37.30434","10.9028225","-27.49326","35.181374"
"era-2729","17.108194","-34.664787","33.811207","-18.814308","-36.117706","37.30612","10.903552","-27.495077","35.183735"
"era-2730","17.110647","-34.66963","33.815826","-18.8152","-36.11954","37.307907","10.904284","-27.496893","35.186096"
"era-2731","17.113102","-34.67448","33.82045","-18.816095","-36.121376","37.309696","10.905014","-27.498718","35.188454"
"era-2732","17.115557","-34.67933","33.825066","-18.816988","-36.123203","37.31148","10.905743","-27.500534","35.190807"
"era-2733","17.118011","-34.684174","33.829678","-18.817877","-36.125034","37.313263","10.906469","-27.502356","35.19316"
"era-2734","17.120468","-34.68902","33.834297","-18.818764","-36.126858","37.31504","10.907204","-27.504177","35.195515"
"era-2735","17.122921","-34.693855","33.838913","-18.819653","-36.12868","37.31682","10.907934","-27.505997","35.197876"
"era-2736","17.125376","-34.698696","33.84352","-18.820543","-36.1305","37.318596","10.908668","-27.507824","35.200237"
"era-2737","17.127829","-34.703537","33.84813","-18.821428","-36.132328","37.320374","10.909401","-27.509645","35.202595"
"era-2738","17.130281","-34.708374","33.85274","-18.822317","-36.134144","37.322147","10.910132","-27.511461","35.204945"
"era-2739","17.132736","-34.71322","33.857357","-18.82321","-36.135956","37.323925","10.910862","-27.513283","35.207294"
"era-2740","17.13519","-34.718063","33.861973","-18.824102","-36.137768","37.325706","10.911593","-27.515106","35.20965"
"era-2741","17.137642","-34.7229","33.866585","-18.824993","-36.139584","37.327488","10.912327","-27.516926","35.211998"
"era-2742","17.140089","-34.727737","33.871204","-18.825882","-36.141396","37.32926","10.91306","-27.51875","35.21435"
"era-2743","17.142538","-34.732567","33.87581","-18.826769","-36.143208","37.331036","10.913793","-27.520573","35.216705"
"era-2744","17.144985","-34.7374","33.880417","-18.827656","-36.145023","37.332806","10.914524","-27.522394","35.21906"
"era-2745","17.147436","-34.742233","33.885025","-18.828545","-36.146835","37.33458","10.915257","-27.524214","35.221413"
"era-2746","17.149881","-34.747063","33.889633","-18.829433","-36.148647","37.336353","10.915993","-27.526035","35.223766"
"era-2747","17.152328","-34.751896","33.89423","-18.830326","-36.150463","37.338135","10.916727","-27.527857","35.226116"
"era-2748","17.154776","-34.75672","33.898838","-18.83121","-36.152275","37.339905","10.917461","-27.529678","35.22847"
"era-2749","17.157227","-34.76156","33.903442","-18.832096","-36.15409","37.341675","10.9182005","-27.531494","35.230824"
"era-2750","17.159678","-34.766396","33.90806","-18.832985","-36.15591","37.34345","10.918938","-27.533312","35.233173"
"era-2751","17.162125","-34.77123","33.912666","-18.83387","-36.15773","37.34522","10.919672","-27.535128","35.235523"
"era-2752","17.164572","-34.77606","33.917274","-18.834757","-36.159542","37.34699","10.92041","-27.536945","35.23786"
"era-2753","17.167023","-34.780888","33.92188","-18.83564","-36.16135","37.34875","10.921145","-27.538763","35.240204"
"era-2754","17.169472","-34.78572","33.926487","-18.836521","-36.16316","37.350513","10.92188","-27.54059","35.242546"
"era-2755","17.171923","-34.790565","33.93109","-18.837406","-36.16497","37.352287","10.922617","-27.542412","35.244884"
"era-2756","17.17437","-34.795387","33.9357","-18.838295","-36.16678","37.354057","10.923354","-27.544231","35.24723"
"era-2757","17.17682","-34.800224","33.940296","-18.839184","-36.16858","37.355827","10.924092","-27.54605","35.249577"
"era-2758","17.179272","-34.805054","33.944893","-18.840069","-36.17038","37.35759","10.9248295","-27.54787","35.25192"
"era-2759","17.181725","-34.80988","33.949486","-18.84095","-36.172176","37.359352","10.9255705","-27.54969","35.25426"
"era-2760","17.184174","-34.814713","33.954082","-18.841835","-36.173977","37.36112","10.926306","-27.551512","35.256603"
"era-2761","17.186619","-34.81954","33.958683","-18.84272","-36.17578","37.36288","10.927042","-27.553328","35.25895"
"era-2762","17.18907","-34.82437","33.96328","-18.843603","-36.17758","37.364647","10.927779","-27.55515","35.261288"
"era-2763","17.191515","-34.829197","33.967876","-18.844488","-36.17938","37.36641","10.928519","-27.55697","35.263626"
"era-2764","17.193968","-34.83403","33.97248","-18.845366","-36.181187","37.368164","10.9292555","-27.55879","35.265953"
"era-2765","17.196411","-34.838852","33.977077","-18.846247","-36.182987","37.369923","10.929994","-27.560612","35.268284"
"era-2766","17.198858","-34.84368","33.98167","-18.847122","-36.184784","37.371677","10.930731","-27.562435","35.27062"
"era-2767","17.201303","-34.848503","33.986263","-18.848003","-36.18658","37.373432","10.93147","-27.564255","35.272953"
"era-2768","17.203749","-34.85333","33.990856","-18.848885","-36.188377","37.37519","10.932208","-27.566076","35.275288"
"era-2769","17.20619","-34.858143","33.995453","-18.84976","-36.190174","37.37694","10.932945","-27.567888","35.277615"
"era-2770","17.20863","-34.862965","34.00005","-18.850637","-36.191975","37.378696","10.933685","-27.569706","35.27994"
"era-2771","17.21107","-34.86778","34.00464","-18.851515","-36.193764","37.380447","10.9344225","-27.571526","35.282272"
"era-2772","17.213512","-34.872597","34.009228","-18.85239","-36.195553","37.382195","10.93516","-27.573341","35.284607"
"era-2773","17.215954","-34.877415","34.013813","-18.853271","-36.197342","37.38395","10.935897","-27.57516","35.286938"
"era-2774","17.218401","-34.882236","34.018406","-18.854155","-36.199127","37.385708","10.936636","-27.576977","35.28926"
"era-2775","17.220846","-34.887062","34.022995","-18.855034","-36.200912","37.38746","10.93737","-27.578796","35.291576"
"era-2776","17.223291","-34.891884","34.027584","-18.855913","-36.202694","37.389214","10.938107","-27.580616","35.2939"
"era-2777","17.225735","-34.8967","34.032173","-18.85679","-36.204487","37.390965","10.938845","-27.58244","35.29622"
"era-2778","17.228178","-34.901524","34.036762","-18.857666","-36.206272","37.392715","10.939588","-27.584263","35.29853"
"era-2779","17.230621","-34.906338","34.04134","-18.858536","-36.208057","37.39445","10.940328","-27.58608","35.300842"
"era-2780","17.233067","-34.911156","34.045933","-18.859407","-36.209835","37.396194","10.941066","-27.587904","35.303154"
"era-2781","17.235514","-34.915977","34.050518","-18.860281","-36.211617","37.397938","10.941804","-27.589725","35.305473"
"era-2782","17.237953","-34.920795","34.055107","-18.861156","-36.2134","37.39968","10.942542","-27.591541","35.30779"
"era-2783","17.240395","-34.925613","34.05969","-18.862028","-36.215187","37.40143","10.943281","-27.59336","35.310104"
"era-2784","17.242834","-34.930416","34.064262","-18.8629","-36.216972","37.403168","10.944022","-27.595177","35.312424"
"era-2785","17.24527","-34.935226","34.068836","-18.863777","-36.218754","37.40491","10.94476","-27.596989","35.314743"
"era-2786","17.24771","-34.940033","34.073418","-18.864649","-36.220535","37.406654","10.945499","-27.5988","35.31707"
"era-2787","17.250145","-34.94484","34.078","-18.865524","-36.22231","37.408394","10.946242","-27.600615","35.319397"
"era-2788","17.252586","-34.949646","34.082577","-18.866398","-36.224083","37.410133","10.946983","-27.60243","35.321712"
"era-2789","17.25502","-34.954456","34.08716","-18.867268","-36.225857","37.41187","10.947725","-27.604242","35.324028"
"era-2790","17.257458","-34.959267","34.091743","-18.868137","-36.227634","37.4136","10.948468","-27.606056","35.32634"
"era-2791","17.259893","-34.964077","34.096325","-18.869007","-36.22941","37.415337","10.949209","-27.60787","35.328648"
"era-2792","17.262335","-34.968884","34.100895","-18.869875","-36.231174","37.41707","10.949953","-27.609682","35.33096"
"era-2793","17.264769","-34.973686","34.105473","-18.870747","-36.232944","37.418804","10.950695","-27.611494","35.33327"
"era-2794","17.26721","-34.978497","34.11005","-18.871616","-36.234715","37.420536","10.951439","-27.613308","35.335583"
"era-2795","17.269646","-34.983307","34.114635","-18.872486","-36.23648","37.42227","10.952184","-27.615118","35.337894"
"era-2796","17.272081","-34.98811","34.11921","-18.873356","-36.238255","37.424","10.952926","-27.616938","35.340206"
"era-2797","17.274523","-34.99292","34.12378","-18.874226","-36.240025","37.425735","10.9536705","-27.618753","35.342514"
"era-2798","17.27696","-34.997726","34.12835","-18.87509","-36.241795","37.42746","10.954415","-27.62057","35.34482"
"era-2799","17.279398","-35.00253","34.132923","-18.87595","-36.243557","37.42918","10.955161","-27.622387","35.347122"
"era-2800","17.281837","-35.007336","34.137493","-18.876816","-36.245316","37.43091","10.955904","-27.6242","35.34943"
"era-2801","17.284271","-35.012135","34.142063","-18.877687","-36.24707","37.432632","10.956646","-27.626015","35.351734"
"era-2802","17.286703","-35.01693","34.146633","-18.878553","-36.248833","37.43436","10.95739","-27.627829","35.354042"
"era-2803","17.289135","-35.02173","34.151196","-18.87942","-36.2506","37.43609","10.958134","-27.629642","35.356346"
"era-2804","17.291573","-35.026524","34.155754","-18.880285","-36.252357","37.43781","10.958881","-27.631453","35.35865"
"era-2805","17.294006","-35.03132","34.160313","-18.881145","-36.254128","37.439533","10.959627","-27.633263","35.360947"
"era-2806","17.296438","-35.036114","34.16488","-18.882013","-36.255894","37.441257","10.960373","-27.635077","35.363247"
"era-2807","17.298864","-35.0409","34.16944","-18.882877","-36.257656","37.44298","10.961118","-27.63689","35.365547"
"era-2808","17.301302","-35.045704","34.173996","-18.883741","-36.25942","37.444706","10.9618635","-27.638699","35.367847"
"era-2809","17.303736","-35.0505","34.178555","-18.88461","-36.26117","37.44643","10.962609","-27.640507","35.37014"
"era-2810","17.30617","-35.055286","34.183117","-18.885473","-36.262924","37.448147","10.963356","-27.642319","35.372437"
"era-2811","17.3086","-35.06008","34.18767","-18.886332","-36.26468","37.44986","10.964103","-27.644127","35.374733"
"era-2812","17.311031","-35.064877","34.19223","-18.887197","-36.266438","37.451584","10.96485","-27.645937","35.37703"
"era-2813","17.313465","-35.069668","34.196793","-18.88806","-36.268192","37.4533","10.965598","-27.647745","35.379322"
"era-2814","17.315893","-35.074455","34.201363","-18.888924","-36.269955","37.45502","10.966347","-27.649553","35.381615"
"era-2815","17.318323","-35.079254","34.20593","-18.889786","-36.271713","37.45674","10.967095","-27.651367","35.383907"
"era-2816","17.320753","-35.084038","34.210484","-18.89065","-36.27347","37.45846","10.967845","-27.653177","35.386196"
"era-2817","17.32318","-35.088825","34.215046","-18.891514","-36.275234","37.460182","10.968598","-27.654984","35.38849"
"era-2818","17.325603","-35.093613","34.21961","-18.89238","-36.27698","37.461903","10.96935","-27.656796","35.390774"
"era-2819","17.328035","-35.0984","34.224155","-18.893244","-36.27874","37.463623","10.970097","-27.658606","35.393063"
"era-2820","17.330465","-35.103188","34.228706","-18.894108","-36.280495","37.465343","10.970843","-27.66041","35.395355"
"era-2821","17.332897","-35.107983","34.233273","-18.894972","-36.282257","37.46706","10.971589","-27.662214","35.397644"
"era-2822","17.335321","-35.11276","34.237835","-18.895836","-36.28401","37.46878","10.972339","-27.664028","35.399933"
"era-2823","17.33775","-35.117546","34.242386","-18.896698","-36.285755","37.470497","10.973087","-27.665834","35.402218"
"era-2824","17.340178","-35.12233","34.24694","-18.897556","-36.28751","37.472206","10.973836","-27.667637","35.4045"
"era-2825","17.34261","-35.12712","34.25149","-18.898417","-36.289253","37.473915","10.974584","-27.66944","35.40678"
"era-2826","17.345036","-35.131905","34.25604","-18.899277","-36.291","37.475624","10.975331","-27.671242","35.40907"
"era-2827","17.347466","-35.136692","34.260593","-18.900135","-36.292744","37.477333","10.976079","-27.673048","35.411358"
"era-2828","17.349895","-35.14148","34.265144","-18.900993","-36.294483","37.47904","10.976827","-27.674852","35.413643"
"era-2829","17.35233","-35.14627","34.269688","-18.901854","-36.29622","37.480747","10.977571","-27.67666","35.415928"
"era-2830","17.354763","-35.15105","34.27424","-18.902712","-36.297962","37.482452","10.978318","-27.678469","35.418217"
"era-2831","17.357185","-35.155838","34.2788","-18.903574","-36.29971","37.484165","10.979072","-27.680273","35.42051"
"era-2832","17.35961","-35.160618","34.283356","-18.904432","-36.30145","37.485874","10.979822","-27.68208","35.422794"
"era-2833","17.36203","-35.165394","34.287907","-18.905293","-36.303196","37.487583","10.980573","-27.683876","35.42507"
"era-2834","17.364456","-35.17017","34.292454","-18.906147","-36.30494","37.489285","10.981321","-27.685677","35.427353"
"era-2835","17.366879","-35.17495","34.297005","-18.906998","-36.306683","37.49098","10.982073","-27.687483","35.429638"
"era-2836","17.369303","-35.17973","34.30155","-18.907858","-36.30842","37.492683","10.982824","-27.689287","35.431923"
"era-2837","17.371725","-35.184505","34.306095","-18.908716","-36.310165","37.494392","10.983573","-27.691092","35.434208"
"era-2838","17.374153","-35.189285","34.31064","-18.90957","-36.311905","37.496094","10.984323","-27.692898","35.436493"
"era-2839","17.376575","-35.194057","34.31518","-18.910429","-36.31364","37.4978","10.985073","-27.6947","35.43878"
"era-2840","17.378998","-35.198833","34.319725","-18.911291","-36.315376","37.499508","10.985822","-27.6965","35.441067"
"era-2841","17.38142","-35.20361","34.324272","-18.912151","-36.317112","37.501213","10.986571","-27.6983","35.443348"
"era-2842","17.383842","-35.20838","34.32881","-18.913006","-36.318855","37.502914","10.987326","-27.7001","35.44562"
"era-2843","17.386265","-35.213158","34.333355","-18.913862","-36.320595","37.504616","10.988081","-27.701906","35.4479"
"era-2844","17.388687","-35.21793","34.33791","-18.914719","-36.32233","37.506317","10.9888315","-27.703707","35.450176"
"era-2845","17.39111","-35.22271","34.342457","-18.915577","-36.32407","37.508022","10.989577","-27.70551","35.45245"
"era-2846","17.393534","-35.227486","34.346992","-18.916433","-36.325806","37.509724","10.990328","-27.707308","35.454723"
"era-2847","17.395958","-35.232265","34.351532","-18.917286","-36.327538","37.511417","10.9910755","-27.709108","35.456993"
"era-2848","17.398378","-35.237034","34.356075","-18.918139","-36.32927","37.51311","10.991824","-27.710909","35.459263"
"era-2849","17.400799","-35.241806","34.360607","-18.918991","-36.331","37.51481","10.992572","-27.71271","35.461525"
"era-2850","17.403223","-35.246582","34.365143","-18.919842","-36.33273","37.5165","10.99332","-27.714508","35.46379"
"era-2851","17.405647","-35.251347","34.36969","-18.92069","-36.334457","37.51819","10.994075","-27.716303","35.46606"
"era-2852","17.408068","-35.25612","34.37423","-18.921543","-36.336178","37.51988","10.994825","-27.718103","35.468334"
"era-2853","17.410486","-35.26089","34.37877","-18.922396","-36.337906","37.52157","10.995575","-27.719898","35.470604"
"era-2854","17.412907","-35.265656","34.383297","-18.923248","-36.33963","37.523266","10.9963255","-27.721699","35.472874"
"era-2855","17.415323","-35.270424","34.38784","-18.924103","-36.34136","37.52496","10.997078","-27.723507","35.47514"
"era-2856","17.41774","-35.27519","34.39238","-18.924952","-36.343086","37.52665","10.997832","-27.725313","35.477406"
"era-2857","17.42016","-35.279957","34.39691","-18.925804","-36.344814","37.528343","10.998587","-27.727116","35.47967"
"era-2858","17.422579","-35.284725","34.40145","-18.926659","-36.34654","37.530037","10.999341","-27.728916","35.481937"
"era-2859","17.425001","-35.289497","34.405983","-18.927511","-36.348263","37.531727","11.000093","-27.730717","35.4842"
"era-2860","17.427425","-35.29427","34.41052","-18.928362","-36.349987","37.53342","11.000843","-27.732517","35.486465"
"era-2861","17.429844","-35.299034","34.415054","-18.929214","-36.351707","37.53511","11.001594","-27.734318","35.48873"
"era-2862","17.432264","-35.303802","34.419582","-18.930067","-36.35343","37.536804","11.002347","-27.736122","35.490993"
"era-2863","17.43469","-35.30858","34.424114","-18.93092","-36.355156","37.538494","11.003101","-27.737928","35.493256"
"era-2864","17.43711","-35.313343","34.42865","-18.931767","-36.35688","37.540184","11.003853","-27.739725","35.495518"
"era-2865","17.439533","-35.318115","34.433178","-18.932617","-36.35861","37.54187","11.004606","-27.741522","35.497772"
"era-2866","17.441954","-35.32288","34.437714","-18.933468","-36.360325","37.54356","11.0053625","-27.74332","35.50003"
"era-2867","17.444376","-35.327656","34.442257","-18.934319","-36.36204","37.54525","11.006118","-27.745123","35.50229"
"era-2868","17.446796","-35.332424","34.446785","-18.935165","-36.36376","37.546936","11.006871","-27.746923","35.50454"
"era-2869","17.449215","-35.337193","34.451313","-18.936016","-36.365486","37.548626","11.007628","-27.748724","35.5068"
"era-2870","17.451641","-35.34196","34.455845","-18.93687","-36.367203","37.550316","11.008385","-27.75052","35.509064"
"era-2871","17.45406","-35.34672","34.46037","-18.937717","-36.36893","37.552","11.009141","-27.75232","35.511326"
"era-2872","17.456478","-35.351486","34.464905","-18.938566","-36.370647","37.553684","11.0099","-27.754118","35.513588"
"era-2873","17.458899","-35.356255","34.469433","-18.939417","-36.372356","37.555363","11.010657","-27.755924","35.515854"
"era-2874","17.461317","-35.36102","34.473965","-18.940262","-36.37408","37.55705","11.011413","-27.75772","35.51812"
"era-2875","17.46374","-35.365784","34.478493","-18.94111","-36.3758","37.55873","11.012171","-27.759518","35.52038"
"era-2876","17.466156","-35.370544","34.48303","-18.941961","-36.377518","37.560413","11.012931","-27.761316","35.52263"
"era-2877","17.468569","-35.37531","34.487553","-18.942812","-36.379227","37.5621","11.013689","-27.763113","35.52488"
"era-2878","17.470987","-35.380062","34.492073","-18.943657","-36.38093","37.563778","11.014448","-27.76491","35.527126"
"era-2879","17.473404","-35.384815","34.496597","-18.944504","-36.38265","37.565456","11.015203","-27.766712","35.529385"
"era-2880","17.475817","-35.389572","34.501114","-18.945349","-36.384357","37.56713","11.015964","-27.768515","35.531635"
"era-2881","17.478231","-35.394333","34.50564","-18.946192","-36.386066","37.5688","11.016724","-27.77031","35.533882"
"era-2882","17.480648","-35.39909","34.510174","-18.947039","-36.38777","37.57048","11.017482","-27.772102","35.53613"
"era-2883","17.483065","-35.403847","34.514698","-18.947884","-36.389477","37.57215","11.01824","-27.773891","35.538376"
"era-2884","17.485483","-35.408604","34.519222","-18.948729","-36.391186","37.573826","11.019","-27.77568","35.540623"
"era-2885","17.487904","-35.413364","34.52374","-18.949577","-36.39289","37.57551","11.019758","-27.77747","35.54287"
"era-2886","17.490322","-35.41812","34.528255","-18.950418","-36.3946","37.577175","11.020518","-27.779263","35.54512"
"era-2887","17.492731","-35.42287","34.532772","-18.951265","-36.3963","37.578854","11.021277","-27.781055","35.54737"
"era-2888","17.495146","-35.427624","34.537292","-18.952105","-36.398014","37.580524","11.022039","-27.782848","35.549618"
"era-2889","17.497555","-35.432373","34.54181","-18.952957","-36.39972","37.582203","11.0228","-27.784643","35.55187"
"era-2890","17.499971","-35.437126","34.546333","-18.953802","-36.40143","37.583878","11.0235615","-27.786428","35.55412"
"era-2891","17.502382","-35.44188","34.550858","-18.954649","-36.403137","37.585552","11.0243225","-27.78822","35.556366"
"era-2892","17.504797","-35.44663","34.555378","-18.955494","-36.40483","37.587227","11.025085","-27.790012","35.55861"
"era-2893","17.507204","-35.45138","34.5599","-18.956337","-36.40653","37.58889","11.025846","-27.791807","35.560852"
"era-2894","17.509615","-35.456135","34.56442","-18.957178","-36.408226","37.590557","11.026609","-27.793602","35.56309"
"era-2895","17.51203","-35.460884","34.56893","-18.95802","-36.40992","37.59222","11.027374","-27.795395","35.565327"
"era-2896","17.51444","-35.46563","34.57344","-18.958862","-36.41162","37.59389","11.028135","-27.79719","35.567562"
"era-2897","17.516853","-35.470383","34.57796","-18.959707","-36.41331","37.595562","11.028894","-27.798988","35.569794"
"era-2898","17.519266","-35.475136","34.582474","-18.96055","-36.415","37.59723","11.029652","-27.800783","35.57203"
"era-2899","17.521679","-35.47988","34.586994","-18.961386","-36.4167","37.59889","11.0304165","-27.80258","35.574272"
"era-2900","17.524088","-35.48463","34.59151","-18.962223","-36.4184","37.60055","11.031178","-27.80437","35.57651"
"era-2901","17.526495","-35.48938","34.596024","-18.96306","-36.42011","37.60222","11.0319395","-27.806168","35.57875"
"era-2902","17.528912","-35.49412","34.60054","-18.9639","-36.421806","37.603878","11.0327015","-27.807962","35.580982"
"era-2903","17.531322","-35.49887","34.605053","-18.96474","-36.4235","37.60554","11.0334635","-27.809753","35.58323"
"era-2904","17.533731","-35.503613","34.60956","-18.96558","-36.425186","37.6072","11.034229","-27.811546","35.58548"
"era-2905","17.53614","-35.508358","34.614075","-18.96642","-36.42688","37.60886","11.034993","-27.813337","35.587727"
"era-2906","17.538544","-35.513096","34.61859","-18.967258","-36.42857","37.61052","11.035757","-27.815125","35.589966"
"era-2907","17.540953","-35.51784","34.623108","-18.968098","-36.430264","37.612183","11.036521","-27.816916","35.592205"
"era-2908","17.543356","-35.52258","34.62762","-18.968937","-36.431957","37.613842","11.037283","-27.818705","35.594448"
"era-2909","17.545769","-35.527325","34.63213","-18.969778","-36.43365","37.615505","11.038045","-27.820494","35.596684"
"era-2910","17.548178","-35.53207","34.636642","-18.970613","-36.435345","37.61716","11.038809","-27.82228","35.598915"
"era-2911","17.550587","-35.53681","34.64115","-18.971449","-36.437035","37.618816","11.039573","-27.824072","35.601143"
"era-2912","17.552994","-35.54155","34.645653","-18.972284","-36.43872","37.62047","11.040338","-27.825863","35.60338"
"era-2913","17.555403","-35.546288","34.650154","-18.97312","-36.440403","37.62212","11.041102","-27.827648","35.605614"
"era-2914","17.557806","-35.551025","34.654655","-18.973951","-36.44209","37.623768","11.041868","-27.829435","35.60785"
"era-2915","17.560215","-35.555763","34.659157","-18.97479","-36.443775","37.62542","11.042634","-27.831223","35.61008"
"era-2916","17.562628","-35.5605","34.66366","-18.975626","-36.445457","37.627075","11.043397","-27.83301","35.61231"
"era-2917","17.565035","-35.565243","34.668156","-18.976456","-36.44714","37.628723","11.044163","-27.834803","35.61454"
"era-2918","17.567444","-35.569984","34.672665","-18.977287","-36.448822","37.63037","11.044925","-27.836592","35.616768"
"era-2919","17.569855","-35.574726","34.677174","-18.978123","-36.4505","37.632023","11.045691","-27.838383","35.618996"
"era-2920","17.572258","-35.57946","34.68167","-18.978954","-36.452187","37.633667","11.046456","-27.840168","35.621223"
"era-2921","17.574667","-35.584206","34.686176","-18.979786","-36.45387","37.635315","11.047221","-27.841955","35.62345"
"era-2922","17.577072","-35.58894","34.69067","-18.980621","-36.45555","37.636967","11.047986","-27.843752","35.62569"
"era-2923","17.579483","-35.593678","34.695168","-18.981455","-36.45723","37.638615","11.04875","-27.845537","35.627926"
"era-2924","17.581896","-35.598423","34.699673","-18.982288","-36.458908","37.64026","11.049514","-27.847326","35.630154"
"era-2925","17.584307","-35.60317","34.704174","-18.98312","-36.46058","37.641907","11.050281","-27.849117","35.632378"
"era-2926","17.58672","-35.607903","34.70867","-18.983955","-36.462257","37.64356","11.051049","-27.850906","35.634598"
"era-2927","17.589123","-35.612637","34.713173","-18.984789","-36.463932","37.645203","11.051815","-27.852692","35.63682"
"era-2928","17.591534","-35.617382","34.71768","-18.98562","-36.465603","37.646843","11.052586","-27.854477","35.639046"
"era-2929","17.593937","-35.622116","34.72218","-18.986452","-36.467266","37.648483","11.053355","-27.856262","35.641262"
"era-2930","17.596346","-35.62685","34.72667","-18.987276","-36.468925","37.650116","11.054123","-27.858051","35.643475"
"era-2931","17.598755","-35.631588","34.73117","-18.988106","-36.47059","37.651752","11.0548935","-27.859837","35.645683"
"era-2932","17.601166","-35.63633","34.73567","-18.988935","-36.472263","37.653397","11.055663","-27.861624","35.6479"
"era-2933","17.603575","-35.641064","34.74016","-18.98977","-36.473938","37.65504","11.056434","-27.86341","35.650116"
"era-2934","17.605984","-35.6458","34.74466","-18.9906","-36.475605","37.65668","11.057205","-27.8652","35.65233"
"era-2935","17.608385","-35.650536","34.749165","-18.99143","-36.47728","37.65832","11.057976","-27.86699","35.65454"
"era-2936","17.61079","-35.655262","34.75366","-18.992256","-36.47895","37.65996","11.058747","-27.868776","35.65675"
"era-2937","17.613194","-35.659992","34.75816","-18.993082","-36.480633","37.6616","11.059517","-27.870562","35.658962"
"era-2938","17.615595","-35.664722","34.762653","-18.993912","-36.482304","37.66324","11.060284","-27.872347","35.661167"
"era-2939","17.61799","-35.669445","34.767147","-18.994741","-36.483967","37.664875","11.0610485","-27.874132","35.663372"
"era-2940","17.620394","-35.674175","34.77165","-18.995565","-36.485638","37.66651","11.061817","-27.87592","35.66558"
"era-2941","17.622799","-35.67891","34.776142","-18.996395","-36.48731","37.66815","11.062585","-27.877705","35.66779"
"era-2942","17.625202","-35.68364","34.780643","-18.997225","-36.48898","37.669792","11.063353","-27.879486","35.67"
"era-2943","17.627607","-35.68837","34.785137","-18.998053","-36.490654","37.671432","11.064118","-27.881266","35.672203"
"era-2944","17.630007","-35.693096","34.78963","-18.998877","-36.49232","37.67306","11.06489","-27.883049","35.674408"
"era-2945","17.632414","-35.697826","34.79412","-18.999704","-36.493984","37.674694","11.065659","-27.884834","35.676617"
"era-2946","17.634815","-35.702557","34.798607","-19.000526","-36.495644","37.676323","11.066429","-27.886623","35.67882"
"era-2947","17.637224","-35.707287","34.803097","-19.001356","-36.497303","37.67796","11.067193","-27.88841","35.681026"
"era-2948","17.63963","-35.712017","34.807587","-19.002178","-36.498974","37.67959","11.06796","-27.890198","35.683224"
"era-2949","17.642029","-35.716743","34.812084","-19.003002","-36.500633","37.68122","11.068727","-27.891981","35.68542"
"era-2950","17.644434","-35.721478","34.816578","-19.00383","-36.50229","37.682854","11.069492","-27.89377","35.68762"
"era-2951","17.646841","-35.72621","34.82107","-19.004652","-36.50395","37.684483","11.070258","-27.895557","35.689827"
"era-2952","17.649244","-35.730938","34.825565","-19.005482","-36.505608","37.68612","11.071024","-27.897343","35.692036"
"era-2953","17.651644","-35.735664","34.83006","-19.00631","-36.507275","37.68775","11.071793","-27.899122","35.694237"
"era-2954","17.654049","-35.74039","34.834545","-19.007137","-36.508938","37.68939","11.072563","-27.900908","35.696438"
"era-2955","17.65645","-35.745117","34.839035","-19.007969","-36.510593","37.69102","11.073332","-27.902687","35.698635"
"era-2956","17.658855","-35.749844","34.84352","-19.008793","-36.51225","37.692654","11.0741","-27.904474","35.700836"
"era-2957","17.661257","-35.754566","34.848003","-19.009615","-36.51391","37.69428","11.074872","-27.906258","35.703037"
"era-2958","17.663656","-35.759285","34.85249","-19.01044","-36.51557","37.695908","11.075646","-27.908041","35.705235"
"era-2959","17.666058","-35.764008","34.856964","-19.011265","-36.517235","37.697536","11.076418","-27.909824","35.707436"
"era-2960","17.66845","-35.768723","34.86145","-19.012087","-36.518883","37.69916","11.0771885","-27.911606","35.709633"
"era-2961","17.670849","-35.773438","34.86594","-19.012907","-36.520535","37.70078","11.077962","-27.913387","35.71183"
"era-2962","17.673246","-35.778156","34.870434","-19.013733","-36.522186","37.702404","11.078732","-27.915167","35.714027"
"era-2963","17.675642","-35.782875","34.87491","-19.014551","-36.523838","37.704025","11.079501","-27.916946","35.716225"
"era-2964","17.678045","-35.7876","34.87939","-19.015375","-36.525494","37.705654","11.08027","-27.918726","35.71842"
"era-2965","17.680447","-35.79232","34.88387","-19.016197","-36.52714","37.70727","11.081039","-27.920506","35.72061"
"era-2966","17.682842","-35.79704","34.88836","-19.017015","-36.528786","37.70889","11.081811","-27.922285","35.72281"
"era-2967","17.685242","-35.80176","34.89285","-19.017841","-36.530434","37.710514","11.082577","-27.924065","35.72501"
"era-2968","17.68764","-35.806484","34.897327","-19.018661","-36.532078","37.71213","11.083347","-27.925835","35.727203"
"era-2969","17.690039","-35.8112","34.901814","-19.019482","-36.533722","37.713753","11.084118","-27.927618","35.729393"
"era-2970","17.692438","-35.815918","34.906292","-19.020296","-36.535366","37.715363","11.084887","-27.929394","35.731583"
"era-2971","17.694836","-35.820637","34.910778","-19.021116","-36.537003","37.71698","11.085657","-27.931171","35.733772"
"era-2972","17.697233","-35.82536","34.915264","-19.021936","-36.538647","37.718597","11.086426","-27.932947","35.73596"
"era-2973","17.699635","-35.830074","34.919746","-19.02276","-36.54029","37.72022","11.087195","-27.934729","35.738144"
"era-2974","17.702028","-35.834797","34.92423","-19.02358","-36.541943","37.72184","11.087965","-27.936512","35.74033"
"era-2975","17.704433","-35.839516","34.928707","-19.024405","-36.543587","37.723465","11.088734","-27.938292","35.74252"
"era-2976","17.706833","-35.84424","34.933193","-19.025223","-36.545227","37.72508","11.089503","-27.940071","35.7447"
"era-2977","17.70923","-35.848953","34.93767","-19.026041","-36.546867","37.726696","11.090273","-27.941853","35.746883"
"era-2978","17.711628","-35.853672","34.94215","-19.026863","-36.548504","37.728313","11.091041","-27.943634","35.74907"
"era-2979","17.714024","-35.85839","34.94663","-19.027683","-36.550148","37.729927","11.091812","-27.94541","35.751255"
"era-2980","17.716429","-35.86311","34.951107","-19.028498","-36.551796","37.73154","11.092585","-27.94719","35.75344"
"era-2981","17.718822","-35.86783","34.955585","-19.029318","-36.553444","37.733162","11.093358","-27.948967","35.755627"
"era-2982","17.721218","-35.87254","34.960068","-19.03013","-36.55509","37.734768","11.0941305","-27.950747","35.75781"
"era-2983","17.723614","-35.87725","34.964542","-19.03095","-36.556736","37.736385","11.094901","-27.952526","35.759995"
"era-2984","17.726006","-35.881958","34.969013","-19.031769","-36.558376","37.738003","11.0956745","-27.95431","35.762177"
"era-2985","17.728401","-35.886673","34.973495","-19.032587","-36.56002","37.739613","11.096447","-27.956085","35.76436"
"era-2986","17.730791","-35.89138","34.977978","-19.033403","-36.561657","37.741226","11.097221","-27.957867","35.76654"
"era-2987","17.73319","-35.896095","34.98246","-19.03422","-36.563297","37.742836","11.097995","-27.959644","35.76872"
"era-2988","17.735584","-35.900806","34.98694","-19.035032","-36.56494","37.744446","11.098769","-27.961426","35.770905"
"era-2989","17.73798","-35.905518","34.99141","-19.035849","-36.566586","37.746056","11.099542","-27.963203","35.773087"
"era-2990","17.740374","-35.91023","34.995888","-19.036665","-36.568226","37.747665","11.100313","-27.964981","35.77527"
"era-2991","17.74277","-35.914944","35.000362","-19.037481","-36.56986","37.749275","11.101088","-27.966759","35.777447"
"era-2992","17.745163","-35.91965","35.00483","-19.038296","-36.571495","37.750885","11.101864","-27.968536","35.779625"
"era-2993","17.747559","-35.924362","35.0093","-19.039116","-36.573124","37.752495","11.102639","-27.970318","35.781803"
"era-2994","17.749958","-35.929077","35.013767","-19.039932","-36.574753","37.7541","11.103416","-27.9721","35.783978"
"era-2995","17.752357","-35.93379","35.018246","-19.040745","-36.576385","37.755707","11.104191","-27.973886","35.786148"
"era-2996","17.754751","-35.9385","35.022717","-19.041563","-36.57802","37.75732","11.10497","-27.97567","35.788322"
"era-2997","17.757149","-35.943214","35.02719","-19.042372","-36.57965","37.75892","11.105749","-27.977455","35.790497"
"era-2998","17.759544","-35.94792","35.03166","-19.043182","-36.58128","37.76052","11.106525","-27.97924","35.79267"
"era-2999","17.761938","-35.95263","35.03614","-19.043991","-36.582912","37.762115","11.107303","-27.981024","35.79485"
"era-3000","17.76433","-35.95734","35.040615","-19.044798","-36.58455","37.763714","11.108081","-27.982803","35.797024"
"era-3001","17.766727","-35.96205","35.04508","-19.04561","-36.586185","37.765316","11.108858","-27.984587","35.799202"
"era-3002","17.769121","-35.96676","35.04954","-19.04642","-36.58781","37.76691","11.109641","-27.986366","35.801376"
"era-3003","17.771519","-35.971462","35.05401","-19.047234","-36.589436","37.768513","11.110418","-27.98815","35.80355"
"era-3004","17.773912","-35.976177","35.058483","-19.048044","-36.591064","37.770115","11.111194","-27.989927","35.80572"
"era-3005","17.776302","-35.98088","35.062958","-19.048855","-36.592697","37.771713","11.111973","-27.991707","35.807896"
"era-3006","17.778696","-35.98559","35.06743","-19.04967","-36.594326","37.77332","11.112752","-27.993484","35.810066"
"era-3007","17.781096","-35.9903","35.071896","-19.050482","-36.59595","37.774918","11.11353","-27.995266","35.812237"
"era-3008","17.783487","-35.995007","35.076363","-19.051292","-36.597576","37.77652","11.11431","-27.997044","35.814404"
"era-3009","17.785881","-35.999718","35.08083","-19.052103","-36.5992","37.778114","11.11509","-27.998821","35.81657"
"era-3010","17.78828","-36.00442","35.085293","-19.052914","-36.600826","37.779713","11.11587","-28.000607","35.818737"
"era-3011","17.790674","-36.00912","35.089752","-19.053724","-36.602448","37.78131","11.116652","-28.002386","35.820904"
"era-3012","17.793064","-36.013824","35.094215","-19.054537","-36.604065","37.782906","11.117431","-28.004162","35.823063"
"era-3013","17.795454","-36.018528","35.098686","-19.055347","-36.605686","37.784504","11.118211","-28.005941","35.825222"
"era-3014","17.797848","-36.023235","35.10315","-19.056154","-36.607307","37.786102","11.118992","-28.00772","35.82738"
"era-3015","17.800241","-36.027935","35.107628","-19.056961","-36.60893","37.787693","11.119769","-28.009497","35.82954"
"era-3016","17.802637","-36.032646","35.112087","-19.057768","-36.61055","37.789288","11.12055","-28.011278","35.8317"
"era-3017","17.805035","-36.037357","35.116558","-19.058577","-36.61217","37.79088","11.121329","-28.013063","35.833862"
"era-3018","17.807428","-36.042065","35.121025","-19.05938","-36.613796","37.79247","11.1221075","-28.014843","35.836018"
"era-3019","17.80982","-36.04677","35.12549","-19.060186","-36.615417","37.79406","11.122888","-28.016624","35.838177"
"era-3020","17.812212","-36.05147","35.12995","-19.060993","-36.61704","37.79565","11.123669","-28.018404","35.840336"
"era-3021","17.814602","-36.05617","35.13442","-19.061802","-36.61866","37.79725","11.12445","-28.02018","35.842495"
"era-3022","17.816996","-36.06088","35.13888","-19.062609","-36.620285","37.79884","11.12523","-28.021955","35.84465"
"era-3023","17.819387","-36.065582","35.143353","-19.063416","-36.62191","37.800434","11.126012","-28.023731","35.846806"
"era-3024","17.821783","-36.070286","35.147816","-19.064222","-36.623528","37.80202","11.126795","-28.025505","35.84896"
"era-3025","17.824177","-36.07499","35.152283","-19.065035","-36.62515","37.803616","11.127579","-28.027283","35.851116"
"era-3026","17.826565","-36.079693","35.156765","-19.065844","-36.626762","37.80521","11.12836","-28.029058","35.85327"
"era-3027","17.828953","-36.08439","35.161232","-19.066652","-36.628376","37.8068","11.12914","-28.030832","35.855427"
"era-3028","17.831345","-36.089092","35.165695","-19.067463","-36.62999","37.808395","11.129921","-28.032608","35.857582"
"era-3029","17.833736","-36.0938","35.17016","-19.06827","-36.631603","37.809982","11.1307","-28.03438","35.859737"
"era-3030","17.836128","-36.098503","35.17463","-19.069073","-36.633217","37.81157","11.13148","-28.03615","35.861893"
"era-3031","17.838518","-36.103195","35.179085","-19.069881","-36.634827","37.813156","11.132261","-28.03792","35.864044"
"era-3032","17.840908","-36.1079","35.183548","-19.070684","-36.636433","37.81474","11.133044","-28.039692","35.866188"
"era-3033","17.843298","-36.112595","35.188015","-19.07149","-36.638042","37.816322","11.133824","-28.04146","35.86833"
"era-3034","17.84569","-36.117302","35.19248","-19.072298","-36.639656","37.81791","11.13461","-28.043232","35.870472"
"era-3035","17.84808","-36.121998","35.196938","-19.073095","-36.641266","37.81949","11.135394","-28.045002","35.872616"
"era-3036","17.850473","-36.1267","35.201405","-19.073893","-36.64287","37.821064","11.136177","-28.046774","35.874763"
"era-3037","17.852865","-36.1314","35.20586","-19.074697","-36.64448","37.822647","11.136963","-28.04855","35.876915"
"era-3038","17.85526","-36.1361","35.210316","-19.0755","-36.646088","37.824223","11.137748","-28.050325","35.879063"
"era-3039","17.857655","-36.1408","35.21477","-19.076303","-36.647694","37.8258","11.138533","-28.0521","35.881214"
"era-3040","17.860046","-36.14549","35.219227","-19.077105","-36.6493","37.827385","11.139316","-28.05387","35.883354"
"era-3041","17.862434","-36.15019","35.223682","-19.077904","-36.650894","37.828957","11.140098","-28.055641","35.885494"
"era-3042","17.864824","-36.154884","35.22814","-19.078705","-36.652493","37.830532","11.140883","-28.057413","35.887634"
"era-3043","17.86721","-36.159584","35.23261","-19.079506","-36.654095","37.832108","11.141668","-28.059183","35.889774"
"era-3044","17.869598","-36.164284","35.237076","-19.080305","-36.65569","37.833683","11.14245","-28.060955","35.891914"
"era-3045","17.871992","-36.16899","35.241543","-19.081104","-36.657295","37.83526","11.14323","-28.062723","35.894054"
"era-3046","17.874386","-36.17369","35.246","-19.081902","-36.658894","37.836826","11.144012","-28.064491","35.89619"
"era-3047","17.87678","-36.17839","35.250458","-19.082703","-36.660496","37.838406","11.144797","-28.066261","35.898335"
"era-3048","17.879164","-36.183083","35.254917","-19.083504","-36.662094","37.839977","11.145584","-28.068033","35.900475"
"era-3049","17.881556","-36.187782","35.25938","-19.084303","-36.66369","37.84155","11.14637","-28.069801","35.902615"
"era-3050","17.883945","-36.192482","35.26384","-19.085104","-36.665287","37.843124","11.147155","-28.071573","35.90475"
"era-3051","17.886335","-36.197174","35.268303","-19.085897","-36.66688","37.844692","11.147941","-28.073347","35.906883"
"era-3052","17.888721","-36.20187","35.27277","-19.086697","-36.668476","37.846264","11.148728","-28.075119","35.90901"
"era-3053","17.891108","-36.206566","35.277233","-19.08749","-36.670074","37.847828","11.149514","-28.07689","35.911144"
"era-3054","17.893497","-36.21126","35.281685","-19.088285","-36.671673","37.849396","11.150299","-28.078665","35.91328"
"era-3055","17.895891","-36.215954","35.286137","-19.089079","-36.673267","37.85096","11.151085","-28.08044","35.915417"
"era-3056","17.89828","-36.220654","35.29059","-19.089874","-36.674854","37.852524","11.15187","-28.082207","35.91755"
"era-3057","17.900665","-36.22534","35.295044","-19.090666","-36.67645","37.854088","11.152654","-28.083979","35.919685"
"era-3058","17.903046","-36.23003","35.2995","-19.091463","-36.678043","37.85565","11.15344","-28.085749","35.92182"
"era-3059","17.905436","-36.23472","35.303955","-19.092255","-36.679638","37.857216","11.154227","-28.087524","35.92396"
"era-3060","17.90782","-36.239414","35.30841","-19.093048","-36.68123","37.85878","11.155012","-28.08929","35.926098"
"era-3061","17.910212","-36.244106","35.312862","-19.093845","-36.68282","37.860348","11.155795","-28.09106","35.928234"
"era-3062","17.912596","-36.2488","35.317314","-19.09464","-36.684406","37.86191","11.156579","-28.092834","35.930367"
"era-3063","17.91498","-36.253487","35.321774","-19.09544","-36.685993","37.863476","11.157365","-28.094604","35.932503"
"era-3064","17.917362","-36.25817","35.32622","-19.096231","-36.68758","37.865036","11.158154","-28.096376","35.934635"
"era-3065","17.919746","-36.262863","35.330673","-19.097027","-36.68917","37.866604","11.158937","-28.09815","35.93677"
"era-3066","17.922134","-36.267548","35.335125","-19.097818","-36.69076","37.868168","11.159722","-28.09992","35.938904"
"era-3067","17.924519","-36.272236","35.33958","-19.098612","-36.692345","37.869728","11.16051","-28.101692","35.941032"
"era-3068","17.926905","-36.276924","35.344032","-19.099407","-36.693935","37.87129","11.161297","-28.103462","35.94317"
"era-3069","17.92929","-36.28162","35.348488","-19.1002","-36.695522","37.87285","11.162082","-28.105234","35.945297"
"era-3070","17.931675","-36.2863","35.352943","-19.100996","-36.697105","37.874413","11.162867","-28.107004","35.94743"
"era-3071","17.934063","-36.290993","35.357395","-19.101784","-36.6987","37.875973","11.163653","-28.10878","35.94956"
"era-3072","17.936445","-36.295677","35.361843","-19.102573","-36.700287","37.87753","11.164439","-28.110548","35.95169"
"era-3073","17.938839","-36.300377","35.36629","-19.103365","-36.70187","37.879086","11.16523","-28.112318","35.95382"
"era-3074","17.941227","-36.305065","35.370735","-19.10416","-36.70346","37.880646","11.166016","-28.114088","35.95595"
"era-3075","17.943611","-36.30975","35.375175","-19.104954","-36.705044","37.882206","11.166806","-28.11586","35.958076"
"era-3076","17.946003","-36.314438","35.379612","-19.105745","-36.706623","37.883766","11.167597","-28.117636","35.960205"
"era-3077","17.948385","-36.319122","35.384056","-19.106537","-36.70821","37.885323","11.168387","-28.119411","35.962326"
"era-3078","17.950773","-36.32381","35.388496","-19.107325","-36.709797","37.88688","11.169182","-28.12119","35.964455"
"era-3079","17.953156","-36.32849","35.392956","-19.108122","-36.71137","37.888435","11.169972","-28.122969","35.96658"
"era-3080","17.95554","-36.333176","35.397392","-19.108912","-36.712948","37.88999","11.170763","-28.124744","35.9687"
"era-3081","17.957924","-36.33786","35.401836","-19.109705","-36.714523","37.891556","11.171551","-28.126516","35.970825"
"era-3082","17.960306","-36.342545","35.406284","-19.110498","-36.716106","37.893116","11.172343","-28.128292","35.972946"
"era-3083","17.962692","-36.34722","35.410732","-19.111286","-36.717693","37.894672","11.173137","-28.130064","35.975067"
"era-3084","17.965069","-36.351906","35.415176","-19.11208","-36.719276","37.896233","11.173925","-28.131844","35.97719"
"era-3085","17.967453","-36.35659","35.41962","-19.11287","-36.72085","37.897785","11.174714","-28.13362","35.97931"
"era-3086","17.969835","-36.36127","35.42406","-19.113663","-36.72243","37.899345","11.175502","-28.135393","35.981426"
"era-3087","17.97222","-36.365955","35.4285","-19.114454","-36.724007","37.9009","11.176289","-28.137167","35.983547"
"era-3088","17.974598","-36.37063","35.432953","-19.115246","-36.725586","37.902454","11.177077","-28.138939","35.985676"
"era-3089","17.97698","-36.375317","35.437405","-19.116034","-36.727165","37.904007","11.177868","-28.140709","35.987797"
"era-3090","17.979362","-36.38","35.441853","-19.116825","-36.72874","37.905563","11.178657","-28.142477","35.989918"
"era-3091","17.981747","-36.384693","35.446304","-19.117613","-36.73032","37.907112","11.179444","-28.144243","35.992035"
"era-3092","17.984135","-36.389378","35.45075","-19.118402","-36.731895","37.908665","11.180232","-28.146017","35.99415"
"era-3093","17.986519","-36.394062","35.455193","-19.11919","-36.73348","37.91022","11.1810255","-28.147785","35.99626"
"era-3094","17.988903","-36.398743","35.459637","-19.11998","-36.735054","37.911774","11.181818","-28.149559","35.99838"
"era-3095","17.991287","-36.403423","35.464077","-19.120768","-36.73663","37.913322","11.182608","-28.151325","36.000492"
"era-3096","17.993671","-36.408104","35.46852","-19.12156","-36.7382","37.91487","11.183399","-28.153093","36.002605"
"era-3097","17.996058","-36.41279","35.47296","-19.122345","-36.739773","37.916416","11.184188","-28.154865","36.004715"
"era-3098","17.99844","-36.41747","35.477406","-19.12313","-36.74134","37.91796","11.18498","-28.156637","36.006824"
"era-3099","18.000816","-36.422146","35.48185","-19.123917","-36.7429","37.919506","11.185772","-28.158405","36.00894"
"era-3100","18.0032","-36.426826","35.486286","-19.124704","-36.74447","37.92105","11.1865635","-28.16018","36.011063"
"era-3101","18.005583","-36.43151","35.49073","-19.125488","-36.746033","37.922596","11.187353","-28.16195","36.01318"
"era-3102","18.00797","-36.436195","35.49518","-19.126274","-36.7476","37.92414","11.188143","-28.163712","36.015293"
"era-3103","18.010357","-36.44088","35.49962","-19.127058","-36.74917","37.925682","11.188935","-28.16548","36.017414"
"era-3104","18.012741","-36.44556","35.504063","-19.127846","-36.750736","37.927227","11.189729","-28.167252","36.01953"
"era-3105","18.015123","-36.450245","35.508495","-19.128632","-36.752296","37.928776","11.190521","-28.169024","36.021645"
"era-3106","18.017511","-36.454933","35.512943","-19.129412","-36.753864","37.93031","11.191311","-28.170792","36.023766"
"era-3107","18.019896","-36.459614","35.517384","-19.130192","-36.755432","37.93185","11.1921015","-28.172564","36.025883"
"era-3108","18.022284","-36.4643","35.52183","-19.13098","-36.757","37.93339","11.192895","-28.17433","36.028004"
"era-3109","18.024664","-36.468987","35.52627","-19.131762","-36.758568","37.93493","11.193692","-28.1761","36.03012"
"era-3110","18.027052","-36.47367","35.530716","-19.132544","-36.760128","37.936466","11.194488","-28.177872","36.032234"
"era-3111","18.029436","-36.47835","35.535156","-19.13333","-36.761696","37.93801","11.195279","-28.179636","36.034348"
"era-3112","18.031818","-36.483025","35.539604","-19.134117","-36.763264","37.939556","11.196073","-28.181402","36.036457"
"era-3113","18.034197","-36.487705","35.54405","-19.1349","-36.764835","37.941097","11.196865","-28.183172","36.03857"
"era-3114","18.036581","-36.49239","35.548492","-19.135685","-36.7664","37.94264","11.1976595","-28.184942","36.040676"
"era-3115","18.038963","-36.49707","35.552937","-19.136467","-36.767963","37.94418","11.19845","-28.18671","36.04278"
"era-3116","18.041346","-36.50175","35.55738","-19.13725","-36.76952","37.945717","11.199243","-28.188484","36.044884"
"era-3117","18.043726","-36.506435","35.561825","-19.13803","-36.771084","37.94725","11.200032","-28.190248","36.046986"
"era-3118","18.046114","-36.511112","35.566265","-19.13881","-36.772648","37.948788","11.200822","-28.192022","36.049095"
"era-3119","18.048492","-36.515797","35.570705","-19.13959","-36.774208","37.95032","11.201613","-28.193792","36.051197"
"era-3120","18.050879","-36.52047","35.57514","-19.140368","-36.77577","37.951855","11.202408","-28.19556","36.0533"
"era-3121","18.053255","-36.52515","35.579582","-19.14115","-36.77732","37.95339","11.203202","-28.197329","36.055405"
"era-3122","18.055641","-36.52983","35.584023","-19.141932","-36.77888","37.95492","11.203992","-28.199095","36.05751"
"era-3123","18.058018","-36.534504","35.58846","-19.142715","-36.780434","37.95646","11.204783","-28.20086","36.05962"
"era-3124","18.060396","-36.53918","35.592903","-19.143492","-36.78199","37.95799","11.205578","-28.20263","36.06173"
"era-3125","18.062773","-36.543854","35.597355","-19.144272","-36.78355","37.95952","11.206374","-28.2044","36.063835"
"era-3126","18.065151","-36.548534","35.601803","-19.145046","-36.78511","37.96105","11.207166","-28.206167","36.065937"
"era-3127","18.06753","-36.55321","35.60625","-19.145823","-36.786667","37.962578","11.207957","-28.207935","36.06804"
"era-3128","18.069912","-36.557888","35.6107","-19.146599","-36.788223","37.964104","11.208752","-28.209698","36.070137"
"era-3129","18.072292","-36.56257","35.615143","-19.14738","-36.78977","37.965633","11.209543","-28.211458","36.07224"
"era-3130","18.074669","-36.56725","35.619587","-19.148163","-36.791313","37.967167","11.210334","-28.213219","36.074337"
"era-3131","18.077051","-36.571922","35.62403","-19.148941","-36.792862","37.968697","11.211124","-28.214981","36.07643"
"era-3132","18.07943","-36.5766","35.62847","-19.149727","-36.794407","37.97023","11.211915","-28.21674","36.07853"
"era-3133","18.081816","-36.581284","35.632908","-19.150509","-36.79595","37.97176","11.212703","-28.218498","36.080627"
"era-3134","18.084196","-36.585957","35.637344","-19.151287","-36.797493","37.97329","11.213496","-28.220259","36.082733"
"era-3135","18.086582","-36.59064","35.641777","-19.152065","-36.79904","37.974815","11.214287","-28.222017","36.084835"
"era-3136","18.088968","-36.595318","35.646217","-19.152843","-36.800587","37.97634","11.215078","-28.223776","36.08694"
"era-3137","18.091345","-36.59999","35.65065","-19.153622","-36.802143","37.97787","11.215871","-28.225536","36.08904"
"era-3138","18.093729","-36.60467","35.655087","-19.154402","-36.803688","37.979397","11.216663","-28.227297","36.091137"
"era-3139","18.096104","-36.609344","35.65953","-19.15518","-36.805244","37.980923","11.217456","-28.229053","36.093235"
"era-3140","18.098486","-36.61402","35.66397","-19.155954","-36.806793","37.98245","11.218249","-28.230816","36.09533"
"era-3141","18.100868","-36.618702","35.668404","-19.156727","-36.808346","37.983974","11.219041","-28.232574","36.097424"
"era-3142","18.10325","-36.623375","35.672848","-19.157503","-36.809887","37.985493","11.219833","-28.234337","36.09952"
"era-3143","18.105627","-36.628056","35.677296","-19.158274","-36.811436","37.987007","11.220628","-28.236103","36.101627"
"era-3144","18.108011","-36.63274","35.68174","-19.159046","-36.81298","37.98853","11.221418","-28.237864","36.103733"
"era-3145","18.110392","-36.63741","35.686176","-19.159824","-36.81453","37.99005","11.222212","-28.23963","36.105835"
"era-3146","18.112766","-36.642082","35.690624","-19.160599","-36.81607","37.991573","11.223004","-28.241398","36.107937"
"era-3147","18.115149","-36.646763","35.695065","-19.161375","-36.817604","37.99309","11.223799","-28.243162","36.110035"
"era-3148","18.11753","-36.65144","35.699505","-19.16215","-36.81914","37.994614","11.224589","-28.24493","36.112133"
"era-3149","18.119907","-36.65611","35.703945","-19.162922","-36.82068","37.996128","11.225387","-28.24669","36.11423"
"era-3150","18.122282","-36.660786","35.708385","-19.163696","-36.822216","37.99765","11.226177","-28.24845","36.11632"
"era-3151","18.124666","-36.66546","35.712833","-19.16447","-36.823757","37.999165","11.22697","-28.250216","36.118412"
"era-3152","18.127043","-36.670135","35.717266","-19.165237","-36.825294","38.00068","11.227764","-28.251982","36.120495"
"era-3153","18.129421","-36.674805","35.7217","-19.166008","-36.82683","38.002193","11.228558","-28.253748","36.12258"
"era-3154","18.131798","-36.679474","35.726135","-19.166779","-36.828377","38.003708","11.22935","-28.25551","36.124676"
"era-3155","18.134176","-36.684147","35.73057","-19.16755","-36.829918","38.00522","11.2301445","-28.25727","36.126762"
"era-3156","18.136553","-36.68882","35.735004","-19.168316","-36.831467","38.006737","11.230939","-28.259037","36.128845"
"era-3157","18.138935","-36.69349","35.739433","-19.169086","-36.833015","38.008255","11.23173","-28.260796","36.130924"
"era-3158","18.141312","-36.69816","35.743866","-19.169859","-36.834557","38.009773","11.232522","-28.262558","36.133003"
"era-3159","18.143684","-36.70283","35.748306","-19.170633","-36.836086","38.011288","11.233315","-28.264318","36.135082"
"era-3160","18.14606","-36.707497","35.752743","-19.171404","-36.837624","38.0128","11.234109","-28.266073","36.13716"
"era-3161","18.148434","-36.712162","35.75718","-19.172176","-36.839165","38.014317","11.2349","-28.267836","36.13924"
"era-3162","18.150812","-36.71683","35.76161","-19.172943","-36.840694","38.015827","11.235694","-28.269596","36.14132"
"era-3163","18.153183","-36.721497","35.766045","-19.173717","-36.842224","38.01734","11.236485","-28.271355","36.143402"
"era-3164","18.15556","-36.72617","35.77048","-19.174488","-36.843758","38.018856","11.237276","-28.273111","36.145485"
"era-3165","18.15794","-36.730843","35.774914","-19.175262","-36.84529","38.02037","11.238069","-28.274872","36.147564"
"era-3166","18.16032","-36.73551","35.779346","-19.176033","-36.846825","38.02188","11.238862","-28.27663","36.14965"
"era-3167","18.162699","-36.74018","35.78378","-19.176804","-36.848354","38.02339","11.239657","-28.278393","36.151726"
"era-3168","18.16507","-36.74485","35.78821","-19.177572","-36.84988","38.024902","11.240453","-28.28015","36.15381"
"era-3169","18.167444","-36.749516","35.792645","-19.178339","-36.85141","38.02641","11.241247","-28.281906","36.15589"
"era-3170","18.169815","-36.75418","35.79708","-19.179106","-36.852947","38.027916","11.242041","-28.283665","36.15797"
"era-3171","18.172194","-36.75885","35.801514","-19.179873","-36.85448","38.029427","11.242835","-28.285423","36.16005"
"era-3172","18.17457","-36.763515","35.80594","-19.18064","-36.85601","38.030926","11.243633","-28.287188","36.16213"
"era-3173","18.176952","-36.76819","35.810368","-19.181404","-36.85754","38.032436","11.244431","-28.28894","36.164207"
"era-3174","18.17933","-36.772858","35.814808","-19.182173","-36.85907","38.03394","11.245226","-28.290693","36.166286"
"era-3175","18.181707","-36.777527","35.819244","-19.182943","-36.860603","38.03545","11.246021","-28.292448","36.16836"
"era-3176","18.184092","-36.782207","35.82368","-19.183714","-36.862133","38.03696","11.246815","-28.294205","36.17043"
"era-3177","18.186472","-36.78688","35.828117","-19.18448","-36.86367","38.03847","11.247607","-28.295961","36.1725"
"era-3178","18.188854","-36.791553","35.83255","-19.18525","-36.865196","38.03998","11.248404","-28.297718","36.174572"
"era-3179","18.191233","-36.796223","35.83698","-19.186022","-36.86672","38.041492","11.249201","-28.299482","36.176647"
"era-3180","18.193607","-36.80089","35.84141","-19.186792","-36.868248","38.043003","11.249996","-28.301243","36.17872"
"era-3181","18.195984","-36.80556","35.845848","-19.187561","-36.86978","38.04451","11.250791","-28.303","36.180786"
"era-3182","18.198359","-36.810223","35.850277","-19.188326","-36.871307","38.046013","11.251588","-28.304752","36.182854"
"era-3183","18.200739","-36.814896","35.854713","-19.189093","-36.872826","38.047516","11.252381","-28.30651","36.184925"
"era-3184","18.20312","-36.819572","35.859142","-19.189857","-36.874344","38.04902","11.25318","-28.308264","36.186993"
"era-3185","18.205496","-36.824238","35.863575","-19.190626","-36.875866","38.050526","11.253979","-28.31002","36.189056"
"era-3186","18.207872","-36.828907","35.868008","-19.191391","-36.87738","38.05202","11.254775","-28.311773","36.19112"
"era-3187","18.210249","-36.833576","35.872437","-19.192154","-36.878906","38.05352","11.255567","-28.313524","36.193184"
"era-3188","18.212627","-36.83824","35.87687","-19.192917","-36.88042","38.055016","11.256363","-28.315271","36.19525"
"era-3189","18.215004","-36.84291","35.88131","-19.193686","-36.881947","38.05652","11.257161","-28.317022","36.197323"
"era-3190","18.21738","-36.84758","35.885735","-19.19445","-36.883465","38.058018","11.25796","-28.318779","36.199394"
"era-3191","18.219757","-36.852245","35.890163","-19.195211","-36.88498","38.059513","11.258758","-28.320538","36.20146"
"era-3192","18.222137","-36.85692","35.894596","-19.195976","-36.886497","38.06101","11.259553","-28.322285","36.203537"
"era-3193","18.224518","-36.861588","35.899033","-19.19674","-36.888016","38.062504","11.26035","-28.324034","36.20561"
"era-3194","18.226896","-36.866257","35.903465","-19.197504","-36.889526","38.064","11.261149","-28.325787","36.20768"
"era-3195","18.22927","-36.870926","35.9079","-19.198265","-36.89105","38.0655","11.26195","-28.327541","36.209747"
"era-3196","18.23165","-36.875603","35.91234","-19.199028","-36.89256","38.06699","11.262747","-28.329294","36.211807"
"era-3197","18.23403","-36.880272","35.916767","-19.199785","-36.894077","38.06848","11.263545","-28.331045","36.213863"
"era-3198","18.236408","-36.88494","35.9212","-19.200548","-36.895584","38.06997","11.264343","-28.332796","36.215923"
"era-3199","18.23879","-36.889606","35.925632","-19.2013","-36.897095","38.071453","11.265141","-28.334553","36.217983"
"era-3200","18.241165","-36.894276","35.930058","-19.20206","-36.89861","38.072945","11.265938","-28.336308","36.220047"
"era-3201","18.243542","-36.89894","35.934486","-19.202824","-36.900116","38.074436","11.266738","-28.338064","36.222115"
"era-3202","18.245914","-36.9036","35.938915","-19.203583","-36.901627","38.075928","11.267537","-28.339817","36.22418"
"era-3203","18.248287","-36.90826","35.94334","-19.204344","-36.90314","38.077423","11.268339","-28.341566","36.226242"
"era-3204","18.250662","-36.912926","35.94776","-19.205103","-36.904648","38.078907","11.26914","-28.343327","36.228306"
"era-3205","18.253038","-36.91759","35.952198","-19.20586","-36.906162","38.080395","11.269941","-28.345083","36.230366"
"era-3206","18.255419","-36.922256","35.95662","-19.206621","-36.907673","38.081886","11.270737","-28.34683","36.23243"
"era-3207","18.25779","-36.926914","35.96104","-19.207378","-36.909184","38.083374","11.271536","-28.348583","36.23449"
"era-3208","18.260162","-36.931576","35.96547","-19.208136","-36.910694","38.08486","11.272334","-28.350336","36.236546"
"era-3209","18.26254","-36.93625","35.9699","-19.208897","-36.91221","38.086353","11.273132","-28.352089","36.238605"
"era-3210","18.264914","-36.940907","35.974327","-19.209658","-36.913723","38.08785","11.2739315","-28.353846","36.240665"
"era-3211","18.267288","-36.945568","35.978756","-19.210419","-36.915237","38.089336","11.274732","-28.355598","36.242725"
"era-3212","18.269665","-36.950237","35.98319","-19.211178","-36.91675","38.09083","11.27553","-28.35735","36.24479"
"era-3213","18.272047","-36.954906","35.987614","-19.21194","-36.918266","38.092327","11.276327","-28.359097","36.246853"
"era-3214","18.274422","-36.959576","35.99205","-19.212704","-36.91978","38.093815","11.277124","-28.360842","36.24892"
"era-3215","18.276798","-36.964245","35.996487","-19.213463","-36.921284","38.095306","11.277926","-28.362597","36.250977"
"era-3216","18.279177","-36.968906","36.00091","-19.214216","-36.922787","38.096786","11.278727","-28.364347","36.253033"
"era-3217","18.281548","-36.973568","36.00534","-19.214972","-36.924294","38.098267","11.279529","-28.366093","36.25509"
"era-3218","18.28392","-36.97822","36.00977","-19.215729","-36.925797","38.099747","11.28033","-28.367842","36.25715"
"era-3219","18.286295","-36.98289","36.0142","-19.216484","-36.927303","38.10123","11.281128","-28.369593","36.2592"
"era-3220","18.28867","-36.987553","36.018627","-19.21724","-36.928818","38.102715","11.281927","-28.371338","36.26126"
"era-3221","18.29104","-36.992214","36.023056","-19.217995","-36.930325","38.1042","11.282727","-28.373083","36.263317"
"era-3222","18.293413","-36.996876","36.027493","-19.21875","-36.931824","38.10568","11.283524","-28.374832","36.26537"
"era-3223","18.295786","-37.001537","36.031918","-19.219511","-36.933323","38.107162","11.284325","-28.376581","36.26742"
"era-3224","18.298166","-37.006207","36.036346","-19.22027","-36.934822","38.108646","11.285126","-28.378332","36.269474"
"era-3225","18.300547","-37.010876","36.040775","-19.221027","-36.93632","38.11013","11.285926","-28.380083","36.27153"
"era-3226","18.302921","-37.01554","36.0452","-19.221785","-36.93782","38.111614","11.286726","-28.381824","36.273586"
"era-3227","18.305302","-37.02021","36.049625","-19.222538","-36.939323","38.11309","11.287525","-28.383574","36.27564"
"era-3228","18.307678","-37.02488","36.05406","-19.223295","-36.940823","38.114574","11.288324","-28.385324","36.277687"
"era-3229","18.310053","-37.029545","36.058495","-19.22405","-36.942318","38.116055","11.289127","-28.387074","36.279736"
"era-3230","18.312428","-37.034206","36.06293","-19.224804","-36.943825","38.117535","11.289929","-28.388817","36.281788"
"era-3231","18.314798","-37.03887","36.067368","-19.225561","-36.945316","38.11901","11.29073","-28.390566","36.28384"
"era-3232","18.317175","-37.043533","36.071796","-19.226313","-36.946815","38.12049","11.2915325","-28.392313","36.285896"
"era-3233","18.319548","-37.048203","36.076233","-19.227066","-36.94831","38.121964","11.292331","-28.394062","36.28795"
"era-3234","18.321926","-37.05287","36.08066","-19.227818","-36.949802","38.123432","11.293126","-28.395805","36.29"
"era-3235","18.324303","-37.057537","36.08509","-19.22857","-36.95129","38.12491","11.293924","-28.39755","36.292057"
"era-3236","18.326675","-37.0622","36.089527","-19.229324","-36.95278","38.12638","11.294726","-28.399294","36.29411"
"era-3237","18.329054","-37.066864","36.093964","-19.230078","-36.954273","38.127853","11.295525","-28.401037","36.296165"
"era-3238","18.33143","-37.071526","36.098392","-19.230831","-36.955765","38.12933","11.296324","-28.402784","36.29822"
"era-3239","18.333805","-37.076195","36.10282","-19.23158","-36.957253","38.1308","11.297124","-28.404526","36.300274"
"era-3240","18.336178","-37.080856","36.107258","-19.232338","-36.958748","38.13228","11.297921","-28.406271","36.30233"
"era-3241","18.338549","-37.085514","36.11168","-19.233091","-36.96023","38.13375","11.298719","-28.408022","36.304382"
"era-3242","18.340925","-37.090176","36.116108","-19.23384","-36.961723","38.13522","11.299519","-28.409771","36.306435"
"era-3243","18.343298","-37.09484","36.120533","-19.234594","-36.96321","38.136692","11.300319","-28.411522","36.308483"
"era-3244","18.345673","-37.099503","36.124958","-19.235342","-36.964706","38.13816","11.301122","-28.413273","36.310528"
"era-3245","18.34805","-37.104164","36.129387","-19.236086","-36.966194","38.139626","11.301924","-28.415024","36.312572"
"era-3246","18.350422","-37.108826","36.13382","-19.236835","-36.96769","38.141094","11.302724","-28.416765","36.31462"
"era-3247","18.352795","-37.113487","36.13825","-19.237583","-36.969177","38.14256","11.303528","-28.418507","36.316666"
"era-3248","18.355177","-37.11816","36.142677","-19.23833","-36.970665","38.144028","11.30433","-28.420256","36.318707"
"era-3249","18.357557","-37.122826","36.147106","-19.239086","-36.972153","38.1455","11.305131","-28.421999","36.320755"
"era-3250","18.359934","-37.12749","36.151535","-19.239836","-36.97364","38.14697","11.305928","-28.423744","36.3228"
"era-3251","18.362309","-37.13216","36.155968","-19.240583","-36.975136","38.148434","11.306728","-28.42549","36.32485"
"era-3252","18.364685","-37.136826","36.1604","-19.241331","-36.976627","38.149902","11.307531","-28.427237","36.326897"
"era-3253","18.367065","-37.14149","36.164837","-19.24208","-36.97811","38.15137","11.308331","-28.428982","36.32894"
"era-3254","18.36944","-37.146164","36.169273","-19.242828","-36.97959","38.152836","11.309134","-28.430729","36.330986"
"era-3255","18.371822","-37.150833","36.173706","-19.243572","-36.98107","38.154293","11.309938","-28.43247","36.33303"
"era-3256","18.374197","-37.155502","36.178146","-19.24432","-36.98255","38.155754","11.310741","-28.434216","36.33508"
"era-3257","18.376575","-37.160168","36.182583","-19.245068","-36.98403","38.15721","11.311543","-28.435955","36.33712"
"era-3258","18.378954","-37.164833","36.187016","-19.245815","-36.985508","38.15868","11.312346","-28.4377","36.339165"
"era-3259","18.381327","-37.1695","36.19145","-19.246561","-36.98699","38.16014","11.313149","-28.439444","36.341206"
"era-3260","18.383703","-37.174164","36.195885","-19.247307","-36.988476","38.1616","11.313955","-28.441185","36.34324"
"era-3261","18.386078","-37.178825","36.20032","-19.248053","-36.989952","38.16306","11.314759","-28.442923","36.345276"
"era-3262","18.388456","-37.1835","36.204758","-19.248804","-36.991425","38.164524","11.315564","-28.444658","36.347317"
"era-3263","18.390837","-37.18817","36.209194","-19.249554","-36.992905","38.16599","11.316366","-28.446405","36.349358"
"era-3264","18.393213","-37.192833","36.213623","-19.250303","-36.99439","38.167454","11.317169","-28.448145","36.351406"
"era-3265","18.39559","-37.197502","36.218063","-19.251053","-36.99587","38.16892","11.31797","-28.449883","36.353455"
"era-3266","18.397968","-37.202175","36.222504","-19.251799","-36.997353","38.17038","11.31877","-28.45162","36.3555"
"era-3267","18.400349","-37.20685","36.226936","-19.252544","-36.998833","38.17184","11.31957","-28.453363","36.357544"
"era-3268","18.402725","-37.211517","36.23137","-19.25329","-37.000313","38.1733","11.32037","-28.455105","36.359577"
"era-3269","18.405106","-37.216187","36.235806","-19.254038","-37.001793","38.174767","11.321171","-28.456846","36.361603"
"era-3270","18.407486","-37.22086","36.24024","-19.254782","-37.00327","38.176224","11.321972","-28.458588","36.363625"
"era-3271","18.409863","-37.225525","36.244667","-19.255527","-37.004753","38.177685","11.322774","-28.460333","36.365646"
"era-3272","18.41224","-37.23019","36.249107","-19.256273","-37.00624","38.17915","11.323576","-28.462069","36.367676"
"era-3273","18.41461","-37.23485","36.25354","-19.25702","-37.00772","38.180614","11.324377","-28.463816","36.369698"
"era-3274","18.416986","-37.239513","36.257973","-19.257763","-37.00921","38.18207","11.325177","-28.465555","36.371727"
"era-3275","18.419357","-37.24418","36.262413","-19.258509","-37.010693","38.183533","11.32598","-28.467293","36.373756"
"era-3276","18.421732","-37.248848","36.266857","-19.259256","-37.012173","38.184998","11.326785","-28.469036","36.375782"
"era-3277","18.42411","-37.253517","36.271294","-19.260004","-37.013653","38.186462","11.327587","-28.470781","36.377808"
"era-3278","18.426487","-37.258183","36.275726","-19.260746","-37.015137","38.187923","11.328389","-28.472525","36.379837"
"era-3279","18.428862","-37.262848","36.280163","-19.26149","-37.016617","38.18938","11.329189","-28.47427","36.381863"
"era-3280","18.431236","-37.26751","36.2846","-19.262228","-37.018097","38.190834","11.329993","-28.476011","36.38389"
"era-3281","18.433609","-37.27218","36.28903","-19.262976","-37.019577","38.192295","11.330795","-28.47775","36.38591"
"era-3282","18.435991","-37.276848","36.29346","-19.263721","-37.021053","38.193752","11.331595","-28.47949","36.387928"
"era-3283","18.438368","-37.281513","36.2979","-19.264463","-37.02253","38.19521","11.332396","-28.48123","36.38995"
"era-3284","18.440742","-37.286175","36.302338","-19.265211","-37.02401","38.19667","11.333196","-28.482965","36.39197"
"era-3285","18.443117","-37.29084","36.30677","-19.265959","-37.02549","38.198135","11.333997","-28.484703","36.393993"
"era-3286","18.44549","-37.295506","36.311207","-19.266703","-37.026966","38.19959","11.334799","-28.48644","36.396015"
"era-3287","18.447865","-37.30017","36.315643","-19.267445","-37.028442","38.201046","11.3356","-28.488174","36.39804"
"era-3288","18.450237","-37.304836","36.320084","-19.268185","-37.02991","38.202496","11.3364","-28.489916","36.400063"
"era-3289","18.452618","-37.30951","36.32452","-19.268929","-37.031384","38.203953","11.337201","-28.491657","36.402084"
"era-3290","18.454998","-37.314175","36.328953","-19.269672","-37.03285","38.205406","11.338","-28.493397","36.4041"
"era-3291","18.45737","-37.31884","36.33339","-19.270416","-37.03432","38.206863","11.3388","-28.495132","36.406116"
"era-3292","18.459751","-37.32351","36.337822","-19.27116","-37.035797","38.20832","11.339601","-28.49687","36.408134"
"era-3293","18.46213","-37.328182","36.342255","-19.271898","-37.037262","38.20977","11.3404","-28.498604","36.41015"
"era-3294","18.46451","-37.332848","36.346695","-19.272642","-37.038734","38.211224","11.341203","-28.500341","36.412163"
"era-3295","18.466883","-37.337513","36.351128","-19.273384","-37.040203","38.212677","11.342007","-28.502077","36.414177"
"era-3296","18.46926","-37.34218","36.355568","-19.274128","-37.041676","38.21413","11.342808","-28.503809","36.41619"
"era-3297","18.47164","-37.346844","36.36001","-19.27487","-37.043144","38.215584","11.343609","-28.505547","36.418205"
"era-3298","18.474016","-37.351513","36.36444","-19.275612","-37.04462","38.217037","11.344408","-28.507286","36.420216"
"era-3299","18.476397","-37.356182","36.368877","-19.276346","-37.04609","38.218487","11.345209","-28.509024","36.422234"
"era-3300","18.478773","-37.360855","36.373318","-19.277084","-37.047554","38.21993","11.34601","-28.510763","36.424248"
"era-3301","18.481144","-37.365517","36.377747","-19.277824","-37.049015","38.221375","11.346812","-28.512499","36.426258"
"era-3302","18.483519","-37.37018","36.382183","-19.278563","-37.05048","38.222824","11.347613","-28.514236","36.42827"
"era-3303","18.485897","-37.37484","36.38661","-19.2793","-37.05195","38.22427","11.348417","-28.515972","36.43028"
"era-3304","18.488274","-37.3795","36.391037","-19.28004","-37.05342","38.225723","11.34922","-28.517715","36.432285"
"era-3305","18.490646","-37.384163","36.39547","-19.280777","-37.054893","38.22717","11.350021","-28.519455","36.434296"
"era-3306","18.493021","-37.38883","36.399906","-19.281517","-37.05636","38.22862","11.350823","-28.521189","36.43631"
"era-3307","18.495394","-37.393494","36.404346","-19.282257","-37.057827","38.230064","11.3516245","-28.522924","36.43832"
"era-3308","18.497768","-37.39816","36.40878","-19.282993","-37.059284","38.231514","11.352426","-28.52466","36.440327"
"era-3309","18.500145","-37.40282","36.41321","-19.283735","-37.060745","38.232964","11.353228","-28.526402","36.442333"
"era-3310","18.50252","-37.407482","36.417652","-19.28447","-37.06221","38.234406","11.354031","-28.528135","36.444344"
"era-3311","18.50489","-37.412148","36.422085","-19.285206","-37.06367","38.235847","11.3548355","-28.529871","36.44635"
"era-3312","18.507265","-37.416805","36.426514","-19.285946","-37.065136","38.237293","11.3556385","-28.531607","36.448357"
"era-3313","18.509644","-37.421474","36.430946","-19.28668","-37.066597","38.238735","11.356439","-28.533344","36.45036"
"era-3314","18.512018","-37.42614","36.435383","-19.287413","-37.068054","38.240177","11.357242","-28.535082","36.452362"
"era-3315","18.51439","-37.4308","36.439823","-19.288155","-37.06951","38.241623","11.358045","-28.536823","36.45436"
"era-3316","18.516764","-37.435467","36.44427","-19.28889","-37.070972","38.243065","11.358843","-28.538557","36.456367"
"era-3317","18.519138","-37.44013","36.448704","-19.289627","-37.07243","38.244507","11.359642","-28.540287","36.45837"
"era-3318","18.52151","-37.444786","36.453136","-19.29036","-37.07389","38.245945","11.360446","-28.542023","36.46037"
"era-3319","18.523882","-37.44945","36.45757","-19.291092","-37.075344","38.247387","11.361248","-28.543753","36.46237"
"era-3320","18.526257","-37.454113","36.462","-19.291828","-37.076805","38.24883","11.362048","-28.545485","36.464375"
"era-3321","18.52863","-37.458775","36.466434","-19.292566","-37.07827","38.25027","11.362849","-28.547215","36.466377"
"era-3322","18.531002","-37.46344","36.47088","-19.293304","-37.07973","38.251713","11.363649","-28.54895","36.468384"
"era-3323","18.533379","-37.468105","36.47531","-19.294039","-37.08119","38.253155","11.364449","-28.550688","36.470383"
"era-3324","18.53575","-37.47276","36.479744","-19.294777","-37.082645","38.254597","11.36525","-28.55242","36.472378"
"era-3325","18.538124","-37.47742","36.484184","-19.295515","-37.084095","38.25604","11.366053","-28.55416","36.47437"
"era-3326","18.540497","-37.482086","36.488617","-19.296247","-37.085552","38.25748","11.366857","-28.555897","36.476364"
"era-3327","18.54287","-37.486748","36.493046","-19.29698","-37.087013","38.25892","11.367659","-28.557632","36.47836"
"era-3328","18.545248","-37.49141","36.49748","-19.297714","-37.08847","38.260357","11.36846","-28.559366","36.48036"
"era-3329","18.547617","-37.49607","36.50191","-19.298449","-37.089924","38.261795","11.36926","-28.561104","36.482357"
"era-3330","18.549988","-37.50073","36.506344","-19.29918","-37.09137","38.26323","11.370063","-28.562832","36.484352"
"era-3331","18.55236","-37.50539","36.510777","-19.299911","-37.09282","38.264668","11.370865","-28.564568","36.486343"
"era-3332","18.554735","-37.510048","36.515213","-19.300642","-37.09428","38.266098","11.371668","-28.566303","36.48834"
"era-3333","18.557108","-37.514706","36.519646","-19.301378","-37.09573","38.267536","11.37247","-28.568037","36.490334"
"era-3334","18.55948","-37.51937","36.524075","-19.302113","-37.097187","38.268974","11.373271","-28.569773","36.492332"
"era-3335","18.561857","-37.524033","36.5285","-19.302841","-37.09864","38.27041","11.37407","-28.571505","36.494328"
"era-3336","18.564232","-37.528698","36.532936","-19.303576","-37.100098","38.271847","11.374871","-28.573238","36.496323"
"era-3337","18.5666","-37.53336","36.537373","-19.304314","-37.101555","38.27329","11.375678","-28.57497","36.498314"
"era-3338","18.568975","-37.538025","36.541805","-19.30504","-37.10301","38.274723","11.376483","-28.576698","36.500305"
"era-3339","18.571348","-37.54268","36.546246","-19.305775","-37.104473","38.27616","11.377286","-28.578428","36.502293"
"era-3340","18.573723","-37.54734","36.550682","-19.30651","-37.10593","38.277603","11.378087","-28.58016","36.504284"
"era-3341","18.576096","-37.552","36.555107","-19.307245","-37.107384","38.27904","11.378889","-28.581892","36.50628"
"era-3342","18.578465","-37.556664","36.559547","-19.307976","-37.10884","38.28048","11.379691","-28.583626","36.508274"
"era-3343","18.580843","-37.561325","36.563976","-19.30871","-37.1103","38.281914","11.380493","-28.585356","36.51027"
"era-3344","18.583221","-37.565994","36.568413","-19.309443","-37.111744","38.28335","11.381297","-28.587088","36.51226"
"era-3345","18.585596","-37.570663","36.572857","-19.310171","-37.113194","38.284782","11.382101","-28.588818","36.51425"
"era-3346","18.587975","-37.57533","36.5773","-19.310904","-37.114643","38.286213","11.382902","-28.590542","36.516235"
"era-3347","18.590347","-37.579994","36.581738","-19.311632","-37.1161","38.287647","11.383704","-28.592272","36.51822"
"era-3348","18.592724","-37.584656","36.58618","-19.312365","-37.117554","38.289085","11.384507","-28.594004","36.52021"
"era-3349","18.595098","-37.589325","36.590626","-19.313099","-37.119","38.290516","11.38531","-28.595732","36.522198"
"era-3350","18.597475","-37.593994","36.595062","-19.31383","-37.12045","38.29195","11.386113","-28.597466","36.524185"
"era-3351","18.599854","-37.598663","36.599503","-19.314558","-37.121895","38.29338","11.386914","-28.599195","36.526176"
"era-3352","18.60223","-37.603325","36.603935","-19.315292","-37.123337","38.29481","11.387715","-28.600922","36.528164"
"era-3353","18.60461","-37.607994","36.608368","-19.31602","-37.124783","38.296238","11.388515","-28.602654","36.530148"
"era-3354","18.606983","-37.612656","36.612812","-19.316744","-37.126225","38.29766","11.389317","-28.604382","36.532135"
"era-3355","18.609358","-37.61732","36.617256","-19.317472","-37.127666","38.29909","11.390123","-28.606108","36.53412"
"era-3356","18.61173","-37.621983","36.621693","-19.318201","-37.12911","38.300514","11.390927","-28.607834","36.53611"
"era-3357","18.614103","-37.626648","36.62612","-19.318932","-37.13055","38.301945","11.391729","-28.609568","36.5381"
"era-3358","18.616474","-37.63131","36.630566","-19.319666","-37.132","38.30338","11.392533","-28.611294","36.540092"
"era-3359","18.618847","-37.635967","36.635006","-19.320395","-37.133442","38.304806","11.393336","-28.613016","36.542076"
"era-3360","18.621218","-37.640633","36.63944","-19.321117","-37.13488","38.306225","11.39414","-28.614748","36.544064"
"era-3361","18.623594","-37.645294","36.643875","-19.321848","-37.13631","38.30765","11.394942","-28.61648","36.54605"
"era-3362","18.625967","-37.649952","36.648315","-19.322577","-37.13775","38.309074","11.395745","-28.618212","36.54804"
"era-3363","18.62834","-37.65461","36.65275","-19.323303","-37.139187","38.310497","11.396548","-28.619936","36.550022"
"era-3364","18.630716","-37.65928","36.657185","-19.324028","-37.14062","38.31192","11.397354","-28.621668","36.552006"
"era-3365","18.633091","-37.66394","36.661617","-19.324749","-37.14206","38.31334","11.398157","-28.623396","36.55399"
"era-3366","18.635466","-37.668606","36.666054","-19.325476","-37.143497","38.314754","11.398959","-28.62512","36.555973"
"era-3367","18.637844","-37.673275","36.670494","-19.326193","-37.144928","38.316166","11.399763","-28.626848","36.557957"
"era-3368","18.640219","-37.67794","36.674923","-19.326912","-37.146362","38.31758","11.400567","-28.62858","36.559937"
"era-3369","18.6426","-37.682606","36.67936","-19.327635","-37.147797","38.318996","11.401373","-28.63031","36.56192"
"era-3370","18.644974","-37.68727","36.683792","-19.328358","-37.14924","38.320415","11.402175","-28.632046","36.563904"
"era-3371","18.64735","-37.691933","36.688225","-19.32908","-37.150673","38.321835","11.402979","-28.63378","36.565887"
"era-3372","18.649723","-37.696594","36.692665","-19.329803","-37.152107","38.32325","11.40378","-28.635511","36.56787"
"era-3373","18.652096","-37.701256","36.697105","-19.330526","-37.15354","38.32467","11.404585","-28.637241","36.569855"
"era-3374","18.654469","-37.705914","36.701546","-19.331247","-37.154976","38.326084","11.40539","-28.638973","36.57184"
"era-3375","18.656841","-37.710583","36.705986","-19.33197","-37.15641","38.327503","11.406195","-28.64071","36.57382"
"era-3376","18.65922","-37.71525","36.710426","-19.332695","-37.15785","38.328922","11.406996","-28.642445","36.575798"
"era-3377","18.66159","-37.719906","36.714867","-19.333416","-37.159286","38.330338","11.4078","-28.644175","36.577778"
"era-3378","18.66396","-37.724564","36.7193","-19.334137","-37.160717","38.331753","11.408606","-28.6459","36.57976"
"era-3379","18.66633","-37.729225","36.723747","-19.334864","-37.162148","38.33317","11.40941","-28.64763","36.58174"
"era-3380","18.668707","-37.73389","36.728184","-19.335585","-37.16358","38.334587","11.410217","-28.649363","36.58372"
"era-3381","18.671082","-37.738556","36.732628","-19.336304","-37.165016","38.336002","11.411022","-28.651089","36.5857"
"era-3382","18.673458","-37.74322","36.737072","-19.337029","-37.166443","38.337414","11.411826","-28.652815","36.587673"
"era-3383","18.67583","-37.74789","36.741516","-19.337748","-37.16787","38.338825","11.41263","-28.654543","36.589653"
"era-3384","18.678205","-37.752552","36.745956","-19.338469","-37.169296","38.340237","11.413436","-28.656273","36.591633"
"era-3385","18.680578","-37.757217","36.750397","-19.339191","-37.17072","38.341652","11.414239","-28.658005","36.593613"
"era-3386","18.682953","-37.761883","36.754837","-19.339909","-37.172146","38.34306","11.415039","-28.659735","36.59559"
"era-3387","18.68533","-37.76655","36.759277","-19.340635","-37.17357","38.34448","11.415839","-28.661463","36.59756"
"era-3388","18.687702","-37.771214","36.76372","-19.341358","-37.174995","38.345898","11.416641","-28.66319","36.599537"
"era-3389","18.690083","-37.77588","36.76816","-19.342075","-37.176422","38.347305","11.417442","-28.664915","36.601513"
"era-3390","18.69246","-37.780552","36.772606","-19.342793","-37.17785","38.348713","11.418243","-28.666637","36.603485"
"era-3391","18.694834","-37.785217","36.777042","-19.343515","-37.17928","38.35013","11.419047","-28.668365","36.605457"
"era-3392","18.697208","-37.78988","36.781487","-19.344234","-37.180714","38.351543","11.41985","-28.670092","36.60743"
"era-3393","18.699581","-37.794544","36.785927","-19.344954","-37.182137","38.35295","11.420652","-28.671816","36.609398"
"era-3394","18.701956","-37.799206","36.790367","-19.345673","-37.18356","38.35436","11.421455","-28.67354","36.61137"
"era-3395","18.704329","-37.803867","36.794815","-19.34639","-37.184982","38.355766","11.422258","-28.675264","36.613346"
"era-3396","18.706705","-37.808533","36.799255","-19.347107","-37.186405","38.35717","11.4230585","-28.676987","36.61532"
"era-3397","18.709085","-37.8132","36.803696","-19.347826","-37.187824","38.358574","11.423863","-28.678715","36.617287"
"era-3398","18.711462","-37.817875","36.808132","-19.348543","-37.189247","38.359985","11.424665","-28.680439","36.61925"
"era-3399","18.713842","-37.822544","36.812572","-19.349266","-37.19067","38.361397","11.425464","-28.682161","36.621223"
"era-3400","18.716215","-37.8272","36.817024","-19.349981","-37.192093","38.3628","11.426267","-28.683891","36.6232"
"era-3401","18.718588","-37.831867","36.82147","-19.350697","-37.193512","38.364204","11.427071","-28.685612","36.62517"
"era-3402","18.72096","-37.836533","36.825916","-19.351412","-37.19493","38.365604","11.427872","-28.687332","36.627144"
"era-3403","18.723333","-37.841194","36.83036","-19.352127","-37.196358","38.36701","11.428675","-28.68905","36.62912"
"era-3404","18.725706","-37.84586","36.834805","-19.352839","-37.197777","38.36841","11.429477","-28.690771","36.631096"
"era-3405","18.728085","-37.85053","36.83925","-19.353554","-37.199192","38.36981","11.430277","-28.692497","36.633068"
"era-3406","18.730461","-37.855198","36.843693","-19.354269","-37.200607","38.37121","11.431077","-28.694221","36.63504"
"era-3407","18.732836","-37.85986","36.848137","-19.35498","-37.202023","38.37261","11.431875","-28.695942","36.637012"
"era-3408","18.73521","-37.864525","36.852577","-19.355692","-37.20344","38.374004","11.432675","-28.697664","36.63898"
"era-3409","18.737581","-37.86919","36.857018","-19.356405","-37.20486","38.375404","11.4334755","-28.69938","36.64095"
"era-3410","18.739952","-37.87385","36.861458","-19.357119","-37.20628","38.376804","11.434274","-28.701103","36.642914"
"era-3411","18.742329","-37.878513","36.865894","-19.357838","-37.207695","38.378216","11.435073","-28.702826","36.64488"
"era-3412","18.744701","-37.883183","36.870342","-19.358557","-37.209118","38.379616","11.435875","-28.704552","36.646843"
"era-3413","18.74708","-37.88785","36.87479","-19.35927","-37.21053","38.38102","11.436673","-28.706274","36.648804"
"era-3414","18.749456","-37.892517","36.87924","-19.359985","-37.211945","38.382423","11.437476","-28.707996","36.65077"
"era-3415","18.751833","-37.89719","36.883682","-19.360703","-37.21336","38.38383","11.438277","-28.709719","36.652737"
"era-3416","18.754202","-37.90185","36.888126","-19.361418","-37.21478","38.38523","11.439075","-28.711433","36.6547"
"era-3417","18.756584","-37.906517","36.892567","-19.362135","-37.216198","38.38664","11.439874","-28.713158","36.656662"
"era-3418","18.758953","-37.91118","36.897015","-19.36285","-37.217617","38.388042","11.440673","-28.714878","36.658627"
"era-3419","18.761322","-37.915848","36.901466","-19.363564","-37.219032","38.389442","11.441471","-28.716595","36.660587"
"era-3420","18.763697","-37.920513","36.90591","-19.36428","-37.220448","38.390842","11.44227","-28.718313","36.662544"
"era-3421","18.766071","-37.92518","36.910366","-19.364994","-37.221855","38.392246","11.44307","-28.72003","36.664497"
"era-3422","18.768452","-37.92985","36.914818","-19.365707","-37.223274","38.393642","11.4438715","-28.721748","36.66645"
"era-3423","18.770826","-37.93452","36.91927","-19.366417","-37.224686","38.395035","11.444674","-28.72346","36.668407"
"era-3424","18.773205","-37.93919","36.92372","-19.367128","-37.2261","38.39643","11.445474","-28.725172","36.670372"
"era-3425","18.775583","-37.94386","36.92817","-19.367846","-37.227512","38.39783","11.44627","-28.726887","36.672333"
"era-3426","18.777958","-37.94853","36.932613","-19.368557","-37.228924","38.39923","11.44707","-28.728598","36.67429"
"era-3427","18.780333","-37.953197","36.93706","-19.369267","-37.230335","38.400623","11.447869","-28.730312","36.676247"
"era-3428","18.782713","-37.957867","36.94151","-19.36998","-37.231735","38.40201","11.4486685","-28.732029","36.6782"
"era-3429","18.785093","-37.962536","36.945957","-19.370686","-37.23314","38.403404","11.449468","-28.733746","36.680153"
"era-3430","18.787468","-37.967213","36.950405","-19.371395","-37.234543","38.40479","11.450267","-28.735462","36.682114"
"era-3431","18.789843","-37.971878","36.954857","-19.372105","-37.235943","38.40618","11.451066","-28.737175","36.68408"
"era-3432","18.792221","-37.976547","36.959312","-19.372818","-37.237347","38.407574","11.451867","-28.738888","36.686035"
"era-3433","18.7946","-37.981224","36.963757","-19.37353","-37.238747","38.408966","11.452667","-28.7406","36.68799"
"era-3434","18.796974","-37.985886","36.9682","-19.37424","-37.240147","38.41036","11.453465","-28.742317","36.68994"
"era-3435","18.79935","-37.990555","36.97265","-19.374949","-37.241558","38.411747","11.454267","-28.74403","36.691895"
"era-3436","18.80173","-37.995224","36.9771","-19.375658","-37.24297","38.41314","11.455066","-28.745743","36.693848"
"era-3437","18.80411","-37.9999","36.98155","-19.37637","-37.24438","38.414536","11.455863","-28.747456","36.695797"
"era-3438","18.806486","-38.00457","36.985996","-19.37708","-37.245792","38.415936","11.456661","-28.74917","36.697742"
"era-3439","18.808867","-38.009243","36.99045","-19.377792","-37.247196","38.417328","11.4574585","-28.750889","36.699696"
"era-3440","18.811243","-38.013912","36.994907","-19.378498","-37.248608","38.418716","11.45826","-28.752604","36.70165"
"era-3441","18.813618","-38.01858","36.99935","-19.379208","-37.25001","38.42011","11.459061","-28.754314","36.703598"
"era-3442","18.81599","-38.02325","37.003807","-19.379917","-37.251415","38.421497","11.459863","-28.756033","36.705547"
"era-3443","18.818365","-38.027916","37.008266","-19.380627","-37.252827","38.42289","11.460661","-28.75775","36.707497"
"era-3444","18.820742","-38.03259","37.01272","-19.381332","-37.25423","38.42428","11.461463","-28.759464","36.709446"
"era-3445","18.823116","-38.037254","37.017166","-19.382042","-37.25564","38.42567","11.462265","-28.761183","36.711388"
"era-3446","18.82549","-38.04192","37.02161","-19.382746","-37.257042","38.42706","11.463066","-28.762901","36.71333"
"era-3447","18.827866","-38.046585","37.026066","-19.383455","-37.258446","38.428448","11.463867","-28.76462","36.71527"
"era-3448","18.83024","-38.051254","37.030518","-19.384163","-37.25985","38.429836","11.4646635","-28.766333","36.717224"
"era-3449","18.832617","-38.055927","37.03497","-19.38487","-37.26125","38.43122","11.465463","-28.768042","36.719177"
"era-3450","18.834993","-38.060596","37.03942","-19.385576","-37.26265","38.432606","11.466263","-28.769753","36.721127"
"era-3451","18.837374","-38.06527","37.04387","-19.386286","-37.264053","38.433994","11.467065","-28.771465","36.723072"
"era-3452","18.83975","-38.06994","37.048325","-19.386992","-37.265457","38.43538","11.467867","-28.773176","36.72502"
"era-3453","18.842129","-38.07461","37.052776","-19.387695","-37.26686","38.436764","11.468666","-28.774893","36.726967"
"era-3454","18.844503","-38.079285","37.057236","-19.388403","-37.26826","38.438156","11.469464","-28.77661","36.728916"
"era-3455","18.846884","-38.08396","37.06169","-19.389112","-37.269653","38.439537","11.470264","-28.778322","36.73086"
"era-3456","18.849268","-38.08864","37.066147","-19.38982","-37.271053","38.440926","11.4710655","-28.780037","36.732803"
"era-3457","18.85165","-38.093315","37.070602","-19.39052","-37.27244","38.442303","11.471866","-28.781748","36.734756"
"era-3458","18.854029","-38.097984","37.07505","-19.391228","-37.27384","38.443687","11.472667","-28.78346","36.736702"
"era-3459","18.856405","-38.102654","37.079502","-19.391932","-37.275238","38.44507","11.47347","-28.785173","36.738647"
"era-3460","18.858782","-38.107323","37.083954","-19.392637","-37.276634","38.446453","11.474268","-28.786884","36.74059"
"era-3461","18.86116","-38.111996","37.08841","-19.393345","-37.278038","38.447838","11.475067","-28.788595","36.74254"
"era-3462","18.86354","-38.116673","37.09286","-19.394054","-37.279427","38.449226","11.475868","-28.790306","36.74449"
"era-3463","18.86592","-38.121346","37.097317","-19.394764","-37.280823","38.450615","11.476667","-28.792017","36.74644"
"era-3464","18.868296","-38.126015","37.101776","-19.395466","-37.282223","38.451992","11.477465","-28.793726","36.748386"
"era-3465","18.870672","-38.130684","37.10623","-19.39617","-37.283615","38.45337","11.478263","-28.795435","36.750336"
"era-3466","18.873047","-38.135357","37.11068","-19.396873","-37.285","38.454746","11.479062","-28.797144","36.75229"
"era-3467","18.87543","-38.14003","37.115135","-19.397575","-37.286392","38.456127","11.47986","-28.79885","36.75424"
"era-3468","18.877808","-38.144707","37.119595","-19.398275","-37.287777","38.4575","11.480659","-28.800556","36.756184"
"era-3469","18.88019","-38.149387","37.124054","-19.398977","-37.289165","38.458874","11.481457","-28.802261","36.75813"
"era-3470","18.882566","-38.15406","37.128525","-19.399681","-37.290558","38.460255","11.482252","-28.803968","36.760075"
"era-3471","18.884945","-38.158733","37.132984","-19.40038","-37.29195","38.461628","11.483051","-28.805676","36.762016"
"era-3472","18.887327","-38.163414","37.137447","-19.401077","-37.293346","38.463","11.483849","-28.807383","36.763958"
"era-3473","18.889706","-38.16809","37.141895","-19.40178","-37.294735","38.464375","11.484647","-28.809095","36.7659"
"era-3474","18.892084","-38.172764","37.146355","-19.402481","-37.296124","38.46575","11.485441","-28.8108","36.76784"
"era-3475","18.894464","-38.177437","37.15081","-19.403183","-37.297512","38.46713","11.486239","-28.812508","36.76978"
"era-3476","18.896847","-38.182114","37.155266","-19.403883","-37.298904","38.468502","11.487036","-28.814215","36.771713"
"era-3477","18.89922","-38.18679","37.159733","-19.404581","-37.300293","38.469875","11.487834","-28.815922","36.773647"
"era-3478","18.901598","-38.191463","37.16419","-19.405281","-37.301685","38.47125","11.488631","-28.817625","36.775585"
"era-3479","18.90398","-38.196133","37.168644","-19.405981","-37.30307","38.472622","11.489427","-28.819324","36.777527"
"era-3480","18.90636","-38.20081","37.173096","-19.406681","-37.30446","38.473995","11.490225","-28.821028","36.77947"
"era-3481","18.908741","-38.205482","37.177547","-19.40738","-37.305847","38.47537","11.491021","-28.822733","36.781406"
"era-3482","18.91112","-38.210155","37.182003","-19.408081","-37.307236","38.476738","11.491821","-28.824438","36.78334"
"era-3483","18.9135","-38.214832","37.18646","-19.408785","-37.30862","38.478115","11.492621","-28.826143","36.78528"
"era-3484","18.91588","-38.21951","37.190918","-19.409489","-37.31","38.47949","11.493422","-28.827852","36.787228"
"era-3485","18.91826","-38.224186","37.19537","-19.410189","-37.311386","38.480865","11.494219","-28.82956","36.789173"
"era-3486","18.920637","-38.228855","37.199833","-19.41089","-37.312767","38.48224","11.495022","-28.83126","36.791115"
"era-3487","18.92302","-38.23353","37.204292","-19.411589","-37.314148","38.483604","11.495823","-28.83296","36.793053"
"era-3488","18.925402","-38.23821","37.208755","-19.412283","-37.31553","38.484966","11.496621","-28.834661","36.794994"
"era-3489","18.927784","-38.242886","37.21322","-19.412975","-37.316906","38.48633","11.497417","-28.836367","36.796932"
"era-3490","18.930159","-38.247555","37.217678","-19.413675","-37.318283","38.487698","11.498217","-28.838068","36.79887"
"era-3491","18.932535","-38.252228","37.22214","-19.414373","-37.319664","38.489063","11.499015","-28.839777","36.800808"
"era-3492","18.934914","-38.2569","37.2266","-19.415068","-37.321045","38.490433","11.499815","-28.841484","36.802742"
"era-3493","18.93729","-38.261574","37.231068","-19.415762","-37.322426","38.4918","11.500613","-28.84319","36.804684"
"era-3494","18.939665","-38.26625","37.23553","-19.41646","-37.323803","38.493164","11.501409","-28.844894","36.80662"
"era-3495","18.942045","-38.27093","37.239994","-19.417156","-37.32518","38.494526","11.502206","-28.846598","36.80856"
"era-3496","18.94442","-38.2756","37.244457","-19.417849","-37.32656","38.495888","11.503003","-28.848299","36.810493"
"era-3497","18.9468","-38.280277","37.248913","-19.418545","-37.327938","38.497257","11.503799","-28.850004","36.812435"
"era-3498","18.949184","-38.284958","37.25337","-19.419239","-37.32932","38.49862","11.504593","-28.851706","36.814373"
"era-3499","18.951567","-38.28964","37.25784","-19.419939","-37.330692","38.499985","11.505387","-28.853403","36.816307"
"era-3500","18.953945","-38.29431","37.262302","-19.420635","-37.33207","38.50135","11.506183","-28.855106","36.81824"
"era-3501","18.956326","-38.29899","37.266766","-19.421328","-37.33345","38.502712","11.506976","-28.85681","36.82017"
"era-3502","18.9587","-38.30366","37.27122","-19.422018","-37.334824","38.504066","11.507773","-28.858511","36.8221"
"era-3503","18.961082","-38.308342","37.275684","-19.422712","-37.336193","38.50543","11.508568","-28.860214","36.82403"
"era-3504","18.963467","-38.313023","37.280148","-19.423407","-37.337566","38.506794","11.50936","-28.861916","36.82596"
"era-3505","18.965849","-38.317703","37.284607","-19.424103","-37.33894","38.508156","11.510154","-28.863625","36.827885"
"era-3506","18.96823","-38.32238","37.289066","-19.424797","-37.340317","38.50952","11.510947","-28.865328","36.829807"
"era-3507","18.970613","-38.32706","37.29353","-19.42549","-37.34169","38.51088","11.5117445","-28.867033","36.83173"
"era-3508","18.972994","-38.331738","37.297993","-19.426184","-37.343067","38.51224","11.512541","-28.868732","36.833652"
"era-3509","18.975372","-38.33641","37.30246","-19.426872","-37.344444","38.513603","11.513337","-28.870432","36.835575"
"era-3510","18.97775","-38.341084","37.306915","-19.427565","-37.345818","38.51496","11.514134","-28.872133","36.8375"
"era-3511","18.980127","-38.34576","37.311375","-19.428257","-37.347187","38.51632","11.514928","-28.87384","36.839428"
"era-3512","18.982508","-38.350437","37.315845","-19.428944","-37.34856","38.517673","11.515724","-28.875547","36.841354"
"era-3513","18.98489","-38.355118","37.32031","-19.42964","-37.34993","38.519035","11.516517","-28.877253","36.843277"
"era-3514","18.98727","-38.359795","37.324768","-19.430328","-37.3513","38.520393","11.517311","-28.878962","36.8452"
"era-3515","18.989649","-38.364475","37.32923","-19.431019","-37.35268","38.521755","11.518103","-28.880667","36.847122"
"era-3516","18.992027","-38.369144","37.3337","-19.431707","-37.35405","38.52311","11.518896","-28.88237","36.849052"
"era-3517","18.994402","-38.37382","37.338165","-19.432402","-37.35542","38.52447","11.5196905","-28.884077","36.85098"
"era-3518","18.996786","-38.3785","37.34263","-19.433088","-37.356785","38.525826","11.520485","-28.88578","36.8529"
"era-3519","18.999168","-38.383183","37.34709","-19.433779","-37.358162","38.527184","11.521281","-28.887487","36.854824"
"era-3520","19.001549","-38.387856","37.35156","-19.434467","-37.35953","38.528538","11.522078","-28.889194","36.856743"
"era-3521","19.003927","-38.39253","37.356018","-19.43516","-37.360897","38.529896","11.522871","-28.890894","36.858665"
"era-3522","19.00631","-38.39721","37.360477","-19.43585","-37.362267","38.53125","11.523666","-28.8926","36.860584"
"era-3523","19.008692","-38.40189","37.36494","-19.436535","-37.36364","38.5326","11.524459","-28.894299","36.86251"
"era-3524","19.011066","-38.406555","37.369404","-19.437227","-37.365","38.533955","11.525255","-28.896004","36.864433"
"era-3525","19.01344","-38.411232","37.37387","-19.437916","-37.36637","38.53531","11.526048","-28.897709","36.866356"
"era-3526","19.015818","-38.41591","37.37833","-19.438604","-37.367725","38.536663","11.526845","-28.899414","36.868275"
"era-3527","19.0182","-38.420586","37.382793","-19.439291","-37.36909","38.53801","11.52764","-28.901112","36.870197"
"era-3528","19.020578","-38.42526","37.387253","-19.43998","-37.37046","38.539364","11.528435","-28.90281","36.87212"
"era-3529","19.022957","-38.42993","37.391716","-19.440674","-37.371822","38.54072","11.529229","-28.904512","36.87404"
"era-3530","19.025335","-38.43461","37.396183","-19.441362","-37.37318","38.542076","11.530024","-28.906218","36.875957"
"era-3531","19.027718","-38.43929","37.400654","-19.442053","-37.374542","38.54343","11.530821","-28.907923","36.87788"
"era-3532","19.030092","-38.44397","37.405125","-19.44274","-37.375908","38.54478","11.53162","-28.90963","36.8798"
"era-3533","19.032473","-38.448647","37.4096","-19.443426","-37.377266","38.54613","11.532414","-28.911335","36.881718"
"era-3534","19.034847","-38.45332","37.414066","-19.444113","-37.37862","38.547478","11.533212","-28.91304","36.883636"
"era-3535","19.037228","-38.458","37.418533","-19.444803","-37.379986","38.548832","11.534006","-28.914736","36.885555"
"era-3536","19.039604","-38.462677","37.423004","-19.445492","-37.381348","38.550182","11.534804","-28.916431","36.887478"
"era-3537","19.041983","-38.467354","37.42747","-19.446177","-37.382713","38.55153","11.535598","-28.918129","36.889397"
"era-3538","19.044363","-38.472034","37.431946","-19.446861","-37.38408","38.552876","11.536392","-28.919825","36.89131"
"era-3539","19.046743","-38.47672","37.436417","-19.447544","-37.38544","38.554222","11.537184","-28.92152","36.893227"
"era-3540","19.049128","-38.481396","37.440887","-19.448229","-37.386803","38.55557","11.537978","-28.92322","36.895145"
"era-3541","19.05151","-38.486073","37.445354","-19.448915","-37.388157","38.55691","11.538774","-28.924921","36.897064"
"era-3542","19.053892","-38.490753","37.449825","-19.449598","-37.389507","38.558254","11.539566","-28.926617","36.898983"
"era-3543","19.05627","-38.49544","37.454292","-19.450281","-37.390865","38.5596","11.540361","-28.92832","36.9009"
"era-3544","19.058651","-38.50012","37.458763","-19.45097","-37.392227","38.560947","11.541157","-28.930025","36.902817"
"era-3545","19.061033","-38.504795","37.46323","-19.451653","-37.393593","38.562294","11.541951","-28.931725","36.904728"
"era-3546","19.063416","-38.50948","37.4677","-19.452333","-37.394955","38.56364","11.542746","-28.933422","36.906643"
"era-3547","19.065798","-38.514164","37.472168","-19.453016","-37.396313","38.56498","11.543536","-28.93512","36.908558"
"era-3548","19.068184","-38.51885","37.476635","-19.453701","-37.397667","38.56633","11.544327","-28.936817","36.910477"
"era-3549","19.070564","-38.52353","37.48111","-19.45439","-37.399025","38.567677","11.54512","-28.93852","36.912395"
"era-3550","19.072947","-38.528214","37.485588","-19.455072","-37.400383","38.569023","11.545914","-28.940218","36.91431"
"era-3551","19.07533","-38.532894","37.490055","-19.455757","-37.401737","38.570362","11.546706","-28.941917","36.91623"
"era-3552","19.077711","-38.537575","37.494526","-19.45644","-37.403095","38.571705","11.547501","-28.943615","36.918144"
"era-3553","19.080088","-38.542255","37.498997","-19.457129","-37.40445","38.573055","11.548294","-28.945309","36.920055"
"era-3554","19.082472","-38.546932","37.503464","-19.45781","-37.405807","38.574398","11.549084","-28.947","36.921963"
"era-3555","19.084854","-38.55161","37.507927","-19.458492","-37.407154","38.57574","11.549878","-28.948694","36.923874"
"era-3556","19.087238","-38.556293","37.5124","-19.459177","-37.40851","38.57708","11.55067","-28.95039","36.92579"
"era-3557","19.089622","-38.560974","37.516872","-19.459862","-37.409863","38.578426","11.551459","-28.952082","36.9277"
"era-3558","19.092001","-38.565662","37.521347","-19.460543","-37.411217","38.579765","11.552255","-28.953772","36.929607"
"era-3559","19.094389","-38.570347","37.525814","-19.461222","-37.41257","38.58111","11.553043","-28.955465","36.931507"
"era-3560","19.096775","-38.57503","37.530277","-19.461906","-37.41392","38.582447","11.553832","-28.95716","36.933407"
"era-3561","19.09916","-38.57971","37.534744","-19.462584","-37.415276","38.583786","11.554623","-28.958858","36.935307"
"era-3562","19.10154","-38.58439","37.539215","-19.463263","-37.416626","38.585125","11.555414","-28.960554","36.93721"
"era-3563","19.10392","-38.589066","37.543682","-19.46395","-37.417973","38.586464","11.556209","-28.962248","36.939114"
"era-3564","19.106302","-38.59375","37.54815","-19.46463","-37.419315","38.587803","11.557002","-28.96394","36.941013"
"era-3565","19.108685","-38.59843","37.55263","-19.465311","-37.420666","38.58914","11.557796","-28.965637","36.942913"
"era-3566","19.11106","-38.603104","37.557106","-19.465992","-37.42202","38.590485","11.558593","-28.967327","36.94481"
"era-3567","19.11344","-38.607784","37.561584","-19.466675","-37.42337","38.591824","11.559386","-28.969017","36.946712"
"era-3568","19.115822","-38.612473","37.56605","-19.467358","-37.424725","38.593166","11.560178","-28.97071","36.948616"
"era-3569","19.118208","-38.617157","37.570526","-19.468039","-37.426075","38.594505","11.560969","-28.972408","36.95052"
"era-3570","19.12059","-38.621845","37.575005","-19.46872","-37.42742","38.595844","11.56176","-28.974098","36.952415"
"era-3571","19.122972","-38.626526","37.579475","-19.469404","-37.42877","38.597187","11.562551","-28.97579","36.954315"
"era-3572","19.125355","-38.631207","37.583942","-19.47008","-37.430122","38.598526","11.56334","-28.97749","36.956215"
"era-3573","19.127733","-38.635883","37.58842","-19.470758","-37.43147","38.59986","11.564132","-28.979185","36.95811"
"era-3574","19.130114","-38.640568","37.59289","-19.471441","-37.432816","38.601196","11.564923","-28.980871","36.96001"
"era-3575","19.132496","-38.64525","37.597366","-19.472118","-37.434166","38.60253","11.565712","-28.98256","36.961914"
"era-3576","19.134876","-38.649925","37.601837","-19.472801","-37.435516","38.603878","11.566503","-28.984253","36.963814"
"era-3577","19.137255","-38.654606","37.606308","-19.473486","-37.436867","38.60522","11.567293","-28.985949","36.96571"
"era-3578","19.139631","-38.659286","37.61079","-19.47417","-37.438217","38.606564","11.568087","-28.987637","36.967613"
"era-3579","19.14202","-38.66397","37.61527","-19.474854","-37.439568","38.607903","11.568875","-28.989325","36.969517"
"era-3580","19.144403","-38.66866","37.619743","-19.475534","-37.44092","38.609245","11.569665","-28.991018","36.971416"
"era-3581","19.14679","-38.67335","37.624218","-19.476213","-37.442272","38.610584","11.570456","-28.992708","36.973316"
"era-3582","19.149174","-38.678032","37.628693","-19.476892","-37.44362","38.611916","11.571249","-28.994402","36.975216"
"era-3583","19.15155","-38.682716","37.633183","-19.477566","-37.44497","38.61325","11.5720415","-28.996096","36.977123"
"era-3584","19.153934","-38.6874","37.63766","-19.478241","-37.446316","38.614582","11.572831","-28.997786","36.979027"
"era-3585","19.15632","-38.69209","37.64214","-19.478918","-37.44766","38.615913","11.573617","-28.99948","36.980923"
"era-3586","19.158705","-38.696777","37.64662","-19.479597","-37.449","38.617245","11.5744095","-29.001171","36.982815"
"era-3587","19.161087","-38.701466","37.6511","-19.480272","-37.450344","38.61858","11.575201","-29.00286","36.98471"
"era-3588","19.163467","-38.706146","37.655582","-19.480953","-37.45169","38.619915","11.575992","-29.004549","36.9866"
"era-3589","19.165852","-38.710835","37.660065","-19.481636","-37.453037","38.621258","11.576778","-29.00624","36.98849"
"era-3590","19.16824","-38.715527","37.66454","-19.482311","-37.45438","38.62259","11.577566","-29.00793","36.99039"
"era-3591","19.170622","-38.720207","37.66902","-19.48299","-37.455727","38.623924","11.578356","-29.009626","36.992287"
"era-3592","19.173006","-38.72489","37.673496","-19.48367","-37.45707","38.62526","11.579146","-29.011316","36.99418"
"era-3593","19.175388","-38.72958","37.67798","-19.484348","-37.45842","38.626595","11.579937","-29.013006","36.996067"
"era-3594","19.177773","-38.73427","37.68246","-19.485027","-37.459763","38.62793","11.580727","-29.014696","36.997963"
"era-3595","19.180159","-38.738956","37.686947","-19.485704","-37.461105","38.629265","11.581516","-29.016382","36.999855"
"era-3596","19.18254","-38.743637","37.69143","-19.486382","-37.462444","38.630596","11.582307","-29.018074","37.001747"
"era-3597","19.184925","-38.74833","37.695908","-19.487062","-37.46379","38.631935","11.583096","-29.019762","37.003635"
"era-3598","19.18731","-38.753017","37.700386","-19.487734","-37.46513","38.63326","11.583886","-29.021454","37.005524"
"era-3599","19.189695","-38.7577","37.70486","-19.488409","-37.466476","38.634594","11.584673","-29.023138","37.007416"
"era-3600","19.192085","-38.762394","37.709343","-19.489084","-37.46782","38.63592","11.585461","-29.024826","37.009304"
"era-3601","19.194466","-38.767082","37.71382","-19.48976","-37.469162","38.637253","11.586251","-29.026514","37.011192"
"era-3602","19.196854","-38.771774","37.718304","-19.490437","-37.470497","38.638584","11.587041","-29.028204","37.013084"
"era-3603","19.19924","-38.77646","37.72279","-19.491112","-37.47184","38.639915","11.587828","-29.02989","37.014977"
"era-3604","19.201622","-38.78115","37.72728","-19.491787","-37.473175","38.64124","11.588615","-29.031576","37.016865"
"era-3605","19.20401","-38.785847","37.731766","-19.492456","-37.474506","38.64256","11.589406","-29.03326","37.018753"
"era-3606","19.206396","-38.79054","37.73625","-19.49313","-37.47584","38.643887","11.590195","-29.034948","37.020645"
"era-3607","19.208784","-38.795227","37.740734","-19.493803","-37.477184","38.645214","11.590983","-29.036638","37.022533"
"era-3608","19.21117","-38.79992","37.745216","-19.494474","-37.47852","38.646538","11.591772","-29.038324","37.02442"
"era-3609","19.213554","-38.804607","37.749702","-19.495146","-37.479862","38.64786","11.592562","-29.040014","37.02631"
"era-3610","19.215942","-38.8093","37.754192","-19.495813","-37.481197","38.649178","11.593352","-29.041704","37.0282"
"era-3611","19.21833","-38.81399","37.758675","-19.49648","-37.482533","38.650497","11.594141","-29.043392","37.03009"
"era-3612","19.22072","-38.818687","37.763153","-19.497154","-37.483868","38.65183","11.594928","-29.045076","37.031982"
"era-3613","19.223104","-38.82338","37.767643","-19.49783","-37.485207","38.653152","11.595715","-29.046762","37.033875"
"era-3614","19.225496","-38.82808","37.77213","-19.498497","-37.486538","38.654472","11.5964985","-29.04845","37.035763"
"era-3615","19.227884","-38.83277","37.776615","-19.499166","-37.487865","38.65579","11.597283","-29.050137","37.037647"
"era-3616","19.230267","-38.83746","37.7811","-19.499838","-37.489197","38.657112","11.59807","-29.051817","37.039528"
"era-3617","19.232655","-38.842148","37.785587","-19.500511","-37.49053","38.65844","11.598858","-29.053507","37.041412"
"era-3618","19.23504","-38.846844","37.790073","-19.50118","-37.491863","38.659756","11.599647","-29.055191","37.043297"
"era-3619","19.237423","-38.851532","37.794567","-19.50185","-37.493195","38.66108","11.600435","-29.056883","37.045177"
"era-3620","19.239805","-38.85622","37.79905","-19.502522","-37.494522","38.6624","11.601224","-29.05857","37.047062"
"era-3621","19.242193","-38.86091","37.80354","-19.503195","-37.49585","38.663723","11.60201","-29.060259","37.048943"
"era-3622","19.244577","-38.8656","37.808033","-19.503864","-37.49718","38.665043","11.6027975","-29.061947","37.050823"
"era-3623","19.246965","-38.870296","37.81252","-19.504536","-37.49851","38.666367","11.603584","-29.063637","37.0527"
"era-3624","19.249355","-38.874996","37.817017","-19.505207","-37.49984","38.667686","11.604373","-29.065325","37.05459"
"era-3625","19.251741","-38.87969","37.82151","-19.505875","-37.501167","38.669006","11.605162","-29.067013","37.056473"
"era-3626","19.254131","-38.884388","37.825996","-19.506544","-37.5025","38.670322","11.605951","-29.068699","37.058357"
"era-3627","19.256525","-38.889084","37.830482","-19.50721","-37.503822","38.671635","11.60674","-29.07039","37.06024"
"era-3628","19.258915","-38.893787","37.834972","-19.507877","-37.505142","38.67295","11.607527","-29.072077","37.06213"
"era-3629","19.261301","-38.898483","37.839462","-19.508545","-37.506466","38.674267","11.608315","-29.073767","37.064014"
"era-3630","19.263687","-38.90317","37.843952","-19.50921","-37.507793","38.67558","11.609101","-29.07545","37.0659"
"era-3631","19.266075","-38.907867","37.84845","-19.509874","-37.509117","38.67689","11.609889","-29.07714","37.06778"
"era-3632","19.268467","-38.912563","37.852943","-19.51054","-37.510437","38.678204","11.610676","-29.078827","37.069664"
"era-3633","19.270853","-38.91726","37.85744","-19.51121","-37.51176","38.679523","11.611463","-29.080513","37.07155"
"era-3634","19.273233","-38.921947","37.86193","-19.511875","-37.51308","38.680832","11.61225","-29.0822","37.073433"
"era-3635","19.275623","-38.926647","37.866413","-19.512539","-37.514397","38.68214","11.613037","-29.083889","37.075317"
"era-3636","19.278013","-38.93134","37.87091","-19.513203","-37.51572","38.683453","11.613824","-29.085577","37.0772"
"era-3637","19.280405","-38.936035","37.875397","-19.513866","-37.517048","38.684765","11.614612","-29.087267","37.079082"
"era-3638","19.282795","-38.940735","37.879883","-19.514538","-37.518368","38.68608","11.615399","-29.088953","37.08096"
"era-3639","19.285181","-38.94543","37.884373","-19.515198","-37.51969","38.687386","11.616186","-29.09064","37.08284"
"era-3640","19.287569","-38.950127","37.88887","-19.515858","-37.52101","38.688694","11.616974","-29.09232","37.08472"
"era-3641","19.289959","-38.954823","37.893356","-19.516525","-37.522327","38.690002","11.617762","-29.094004","37.086605"
"era-3642","19.292349","-38.95952","37.897846","-19.517193","-37.523647","38.69132","11.618547","-29.095688","37.08849"
"era-3643","19.294739","-38.964214","37.90234","-19.51786","-37.524963","38.69263","11.619332","-29.097376","37.09037"
"era-3644","19.297125","-38.968906","37.90683","-19.518524","-37.526283","38.693943","11.620117","-29.099062","37.092247"
"era-3645","19.299511","-38.973606","37.911316","-19.519188","-37.527603","38.69525","11.620904","-29.100746","37.094124"
"era-3646","19.301905","-38.9783","37.91581","-19.519854","-37.528923","38.696564","11.62169","-29.102428","37.09601"
"era-3647","19.304295","-38.98299","37.920288","-19.520517","-37.530247","38.697876","11.622472","-29.104113","37.097893"
"era-3648","19.30668","-38.987686","37.924786","-19.521181","-37.53157","38.69919","11.623258","-29.105799","37.09977"
"era-3649","19.309067","-38.992374","37.92927","-19.521845","-37.53289","38.700493","11.624042","-29.107483","37.101646"
"era-3650","19.311457","-38.997074","37.933758","-19.522507","-37.53421","38.701805","11.624827","-29.109167","37.103523"
"era-3651","19.31385","-39.001766","37.938248","-19.52317","-37.535526","38.703114","11.625613","-29.11085","37.105396"
"era-3652","19.316238","-39.006462","37.942734","-19.523838","-37.536842","38.70443","11.626399","-29.112535","37.10727"
"era-3653","19.31863","-39.01116","37.94722","-19.524504","-37.538166","38.705738","11.627182","-29.114218","37.109146"
"era-3654","19.321022","-39.015858","37.951714","-19.52517","-37.53949","38.707054","11.62797","-29.115902","37.111023"
"era-3655","19.323412","-39.020557","37.956207","-19.525835","-37.54081","38.708363","11.628754","-29.117582","37.112896"
"era-3656","19.325798","-39.02525","37.96071","-19.5265","-37.54212","38.709675","11.62954","-29.119263","37.11477"
"era-3657","19.328192","-39.02995","37.965195","-19.52716","-37.543438","38.71098","11.630326","-29.120943","37.11664"
"era-3658","19.330576","-39.034653","37.969692","-19.527826","-37.544758","38.712296","11.631107","-29.122625","37.118507"
"era-3659","19.332966","-39.039345","37.974182","-19.52849","-37.54608","38.713604","11.631892","-29.124306","37.12038"
"era-3660","19.335358","-39.044037","37.978676","-19.529156","-37.547398","38.714912","11.632677","-29.125984","37.122253"
"era-3661","19.337746","-39.048733","37.983166","-19.529818","-37.548714","38.71622","11.633459","-29.127666","37.12413"
"era-3662","19.34014","-39.05343","37.987663","-19.530478","-37.55003","38.71753","11.634241","-29.129353","37.126003"
"era-3663","19.34253","-39.05813","37.992157","-19.531143","-37.55135","38.718838","11.635028","-29.131037","37.127872"
"era-3664","19.344915","-39.062828","37.99666","-19.531803","-37.552666","38.720146","11.635816","-29.132717","37.129745"
"era-3665","19.347305","-39.067528","38.001144","-19.53247","-37.55398","38.72146","11.636603","-29.134403","37.13162"
"era-3666","19.349699","-39.072224","38.005634","-19.533133","-37.555298","38.722763","11.637388","-29.136084","37.133488"
"era-3667","19.352089","-39.07692","38.010124","-19.533798","-37.55661","38.724075","11.638174","-29.137766","37.135357"
"era-3668","19.354479","-39.081627","38.01462","-19.534462","-37.557922","38.725384","11.638958","-29.139452","37.137226"
"era-3669","19.356867","-39.086323","38.01912","-19.535126","-37.559235","38.726692","11.639746","-29.14114","37.139103"
"era-3670","19.359255","-39.09102","38.023617","-19.53579","-37.560547","38.728","11.640531","-29.142818","37.14098"
"era-3671","19.361647","-39.095722","38.028114","-19.536448","-37.561863","38.7293","11.641316","-29.144503","37.142857"
"era-3672","19.36404","-39.10042","38.032616","-19.537107","-37.56318","38.730606","11.642103","-29.14619","37.14473"
"era-3673","19.366432","-39.10512","38.03711","-19.537767","-37.564487","38.731907","11.642887","-29.147871","37.146603"
"era-3674","19.368822","-39.109814","38.041607","-19.538425","-37.565796","38.733208","11.643672","-29.149551","37.148476"
"era-3675","19.371212","-39.114517","38.0461","-19.539087","-37.567104","38.734512","11.644458","-29.15123","37.15035"
"era-3676","19.3736","-39.11921","38.0506","-19.539751","-37.568413","38.735813","11.645244","-29.15291","37.15222"
"era-3677","19.375992","-39.1239","38.055088","-19.540407","-37.569725","38.737114","11.646029","-29.154593","37.154095"
"era-3678","19.378378","-39.1286","38.059578","-19.541063","-37.571026","38.738407","11.646814","-29.156275","37.15597"
"era-3679","19.38077","-39.133297","38.06407","-19.541723","-37.57234","38.73971","11.647599","-29.157953","37.15784"
"era-3680","19.38316","-39.137997","38.068565","-19.542383","-37.573643","38.741013","11.648384","-29.159632","37.159714"
"era-3681","19.385551","-39.142693","38.073055","-19.543045","-37.574944","38.742313","11.649166","-29.161314","37.161587"
"era-3682","19.387943","-39.147392","38.077553","-19.543701","-37.57626","38.743614","11.649953","-29.162994","37.163456"
"era-3683","19.390333","-39.15209","38.082043","-19.54436","-37.57757","38.744915","11.650738","-29.164677","37.165318"
"era-3684","19.392727","-39.156784","38.086536","-19.545021","-37.57888","38.746223","11.651525","-29.16636","37.167187"
"era-3685","19.395117","-39.161488","38.091038","-19.545683","-37.58019","38.747524","11.652311","-29.168047","37.169052"
"era-3686","19.397507","-39.16618","38.095535","-19.54634","-37.581497","38.74883","11.653097","-29.16973","37.170918"
"era-3687","19.399893","-39.17087","38.10002","-19.546999","-37.582806","38.75013","11.653882","-29.171415","37.17278"
"era-3688","19.402285","-39.175568","38.104515","-19.547655","-37.58411","38.751427","11.654667","-29.173096","37.174644"
"era-3689","19.40467","-39.180264","38.109005","-19.548313","-37.58542","38.752724","11.655453","-29.174782","37.176506"
"era-3690","19.407063","-39.18496","38.113503","-19.548965","-37.58673","38.75402","11.656237","-29.176472","37.178368"
"era-3691","19.40945","-39.18966","38.118","-19.549623","-37.588036","38.75532","11.6570215","-29.178158","37.18024"
"era-3692","19.411842","-39.19436","38.122498","-19.550283","-37.589348","38.756622","11.657806","-29.17984","37.18211"
"era-3693","19.414234","-39.19906","38.126995","-19.55094","-37.590656","38.757923","11.658591","-29.181522","37.183975"
"era-3694","19.416626","-39.203766","38.131493","-19.551598","-37.591965","38.75922","11.659375","-29.183208","37.185837"
"era-3695","19.41902","-39.208466","38.135994","-19.552256","-37.59327","38.760525","11.660158","-29.184893","37.1877"
"era-3696","19.421413","-39.21317","38.140495","-19.552916","-37.594578","38.761826","11.660942","-29.18658","37.189556"
"era-3697","19.423805","-39.21787","38.14499","-19.55357","-37.59589","38.763123","11.661732","-29.188263","37.191418"
"era-3698","19.426193","-39.22257","38.149494","-19.554226","-37.597202","38.764423","11.6625185","-29.189947","37.19328"
"era-3699","19.428583","-39.227272","38.154003","-19.554876","-37.598515","38.765717","11.663304","-29.191624","37.19514"
"era-3700","19.430977","-39.231976","38.158504","-19.55553","-37.599823","38.76701","11.664087","-29.193304","37.197"
"era-3701","19.433365","-39.23668","38.163013","-19.556181","-37.601128","38.768303","11.664873","-29.194986","37.19886"
"era-3702","19.435762","-39.24138","38.16751","-19.55684","-37.602432","38.769604","11.665658","-29.196663","37.200718"
"era-3703","19.438154","-39.246082","38.172012","-19.557499","-37.603737","38.770905","11.666445","-29.198343","37.20257"
"era-3704","19.440546","-39.25079","38.176517","-19.558153","-37.605038","38.772198","11.667232","-29.200024","37.204433"
"era-3705","19.442944","-39.255493","38.18102","-19.558813","-37.60634","38.773495","11.668016","-29.20171","37.206295"
"era-3706","19.445341","-39.260204","38.185524","-19.559462","-37.607647","38.774784","11.668803","-29.20339","37.208157"
"era-3707","19.447737","-39.264908","38.190033","-19.560114","-37.608948","38.776073","11.669589","-29.205076","37.21002"
"era-3708","19.450132","-39.26962","38.194542","-19.560764","-37.61024","38.777363","11.670374","-29.206757","37.21188"
"era-3709","19.452524","-39.274323","38.199036","-19.56142","-37.611538","38.778656","11.671156","-29.208439","37.213737"
"era-3710","19.454922","-39.279022","38.203533","-19.562073","-37.612835","38.779945","11.67194","-29.210117","37.21559"
"era-3711","19.457312","-39.28373","38.20804","-19.562725","-37.614136","38.78124","11.672726","-29.211794","37.217453"
"era-3712","19.459707","-39.288437","38.212547","-19.56338","-37.615433","38.78253","11.67351","-29.213472","37.219307"
"era-3713","19.462105","-39.293144","38.21705","-19.56403","-37.616734","38.78382","11.6742935","-29.21515","37.221157"
"era-3714","19.4645","-39.29785","38.22155","-19.56469","-37.618027","38.785122","11.675077","-29.216831","37.22301"
"era-3715","19.4669","-39.302563","38.226055","-19.56534","-37.61933","38.786407","11.675862","-29.218506","37.22487"
"era-3716","19.469296","-39.30726","38.230553","-19.565992","-37.620625","38.787697","11.676648","-29.220182","37.226727"
"era-3717","19.471693","-39.31197","38.235058","-19.566647","-37.621918","38.788986","11.677433","-29.221863","37.22858"
"era-3718","19.47409","-39.316677","38.23956","-19.567297","-37.62321","38.79027","11.678218","-29.223541","37.23044"
"era-3719","19.476488","-39.32138","38.24406","-19.56795","-37.624504","38.79156","11.679004","-29.225222","37.232296"
"era-3720","19.478878","-39.326084","38.24856","-19.568596","-37.62581","38.792843","11.67979","-29.226896","37.23415"
"era-3721","19.481272","-39.330788","38.253067","-19.569248","-37.627106","38.794136","11.680574","-29.228577","37.236004"
"era-3722","19.483673","-39.33549","38.257572","-19.569897","-37.628407","38.795425","11.681359","-29.230255","37.237858"
"era-3723","19.486069","-39.340195","38.26207","-19.57055","-37.629696","38.796715","11.682146","-29.231934","37.239716"
"era-3724","19.488466","-39.344906","38.266567","-19.571201","-37.630985","38.798","11.68293","-29.23361","37.24157"
"era-3725","19.490862","-39.34961","38.271072","-19.571856","-37.632282","38.79929","11.683718","-29.235287","37.243427"
"era-3726","19.493258","-39.354317","38.275566","-19.572508","-37.633575","38.80058","11.684503","-29.236958","37.24529"
"era-3727","19.495659","-39.359028","38.28008","-19.573156","-37.63487","38.80186","11.68529","-29.238628","37.247147"
"era-3728","19.498056","-39.36374","38.28459","-19.573803","-37.636154","38.80314","11.686078","-29.240307","37.249004"
"era-3729","19.500456","-39.368443","38.2891","-19.574453","-37.637447","38.804424","11.686864","-29.241985","37.250862"
"era-3730","19.50285","-39.373154","38.293606","-19.575104","-37.638733","38.80571","11.687647","-29.243662","37.252712"
"era-3731","19.505245","-39.37787","38.29812","-19.575754","-37.640026","38.806995","11.688434","-29.245338","37.25457"
"era-3732","19.507639","-39.38257","38.302628","-19.576406","-37.641315","38.808285","11.689221","-29.247015","37.25643"
"era-3733","19.510027","-39.387268","38.307133","-19.577057","-37.642597","38.809566","11.690009","-29.248692","37.258293"
"era-3734","19.512423","-39.391975","38.311638","-19.577705","-37.64389","38.810844","11.690796","-29.250366","37.260155"
"era-3735","19.514818","-39.39668","38.316147","-19.578352","-37.645184","38.81213","11.691583","-29.252039","37.262012"
"era-3736","19.517218","-39.40139","38.320652","-19.578997","-37.64648","38.813408","11.6923685","-29.253723","37.26387"
"era-3737","19.519615","-39.406105","38.32516","-19.579643","-37.647778","38.81469","11.693152","-29.2554","37.265724"
"era-3738","19.522013","-39.41081","38.329666","-19.58029","-37.649067","38.81597","11.693934","-29.257076","37.267582"
"era-3739","19.524412","-39.415516","38.334167","-19.580936","-37.650364","38.817257","11.694721","-29.258757","37.269444"
"era-3740","19.52681","-39.420227","38.338676","-19.581589","-37.651657","38.818542","11.695506","-29.26043","37.2713"
"era-3741","19.529205","-39.424934","38.34318","-19.58224","-37.652946","38.819828","11.696293","-29.262106","37.273167"
"era-3742","19.531603","-39.429638","38.347694","-19.582882","-37.65424","38.821106","11.697081","-29.263777","37.27503"
"era-3743","19.533997","-39.434345","38.352203","-19.58353","-37.655533","38.822388","11.697864","-29.265453","37.276882"
"era-3744","19.536392","-39.439056","38.356705","-19.58418","-37.656826","38.823677","11.698648","-29.267128","37.278736"
"era-3745","19.53879","-39.44376","38.361214","-19.584833","-37.65812","38.824966","11.699433","-29.268799","37.280586"
"era-3746","19.541185","-39.448463","38.36572","-19.585485","-37.659405","38.826252","11.700221","-29.270473","37.282436"
"era-3747","19.54358","-39.45317","38.37022","-19.586134","-37.660698","38.827534","11.701007","-29.272148","37.284294"
"era-3748","19.545969","-39.45787","38.37473","-19.586782","-37.66199","38.82882","11.701793","-29.273825","37.286144"
"era-3749","19.548372","-39.462578","38.37923","-19.587427","-37.66328","38.830097","11.702581","-29.275501","37.287994"
"era-3750","19.550766","-39.46729","38.38373","-19.588076","-37.66457","38.83138","11.703367","-29.277176","37.289845"
"era-3751","19.55316","-39.47199","38.388233","-19.588726","-37.665855","38.832664","11.704153","-29.278849","37.29169"
"era-3752","19.555563","-39.476696","38.39274","-19.589373","-37.667152","38.833946","11.704938","-29.280523","37.29354"
"era-3753","19.557959","-39.481407","38.397243","-19.590017","-37.668434","38.835224","11.705725","-29.282192","37.29539"
"era-3754","19.560358","-39.486115","38.40175","-19.590664","-37.669716","38.836502","11.70651","-29.283865","37.29724"
"era-3755","19.562756","-39.490818","38.406254","-19.591312","-37.670994","38.837784","11.7072935","-29.28554","37.29909"
"era-3756","19.565153","-39.49553","38.410767","-19.591959","-37.672283","38.83906","11.708078","-29.287216","37.30094"
"era-3757","19.567549","-39.500244","38.41528","-19.592607","-37.673565","38.840343","11.708862","-29.288887","37.30279"
"era-3758","19.56995","-39.504955","38.41979","-19.593254","-37.67485","38.841625","11.709651","-29.290562","37.304638"
"era-3759","19.57235","-39.50966","38.42429","-19.5939","-37.676132","38.842903","11.710434","-29.29224","37.30648"
"era-3760","19.574743","-39.514366","38.428787","-19.594545","-37.67742","38.84418","11.71122","-29.293915","37.308327"
"era-3761","19.57714","-39.519073","38.433292","-19.59519","-37.678703","38.84546","11.712007","-29.295597","37.310173"
"era-3762","19.579538","-39.523785","38.437805","-19.595835","-37.67999","38.846737","11.7127905","-29.297276","37.312027"
"era-3763","19.581936","-39.528492","38.442314","-19.59648","-37.681274","38.848015","11.713578","-29.29895","37.31388"
"era-3764","19.584333","-39.533195","38.446827","-19.597126","-37.682564","38.849297","11.714361","-29.300629","37.315735"
"era-3765","19.586735","-39.53791","38.451336","-19.59777","-37.683846","38.850574","11.715145","-29.302305","37.317585"
"era-3766","19.58913","-39.54262","38.455853","-19.598415","-37.68513","38.851852","11.71593","-29.303988","37.31944"
"era-3767","19.591528","-39.547337","38.460373","-19.599056","-37.68641","38.853127","11.716715","-29.30567","37.321285"
"era-3768","19.593931","-39.55205","38.46489","-19.599705","-37.687695","38.85441","11.717499","-29.30735","37.32313"
"era-3769","19.59633","-39.556767","38.469406","-19.600351","-37.68897","38.855682","11.718283","-29.309025","37.32498"
"era-3770","19.598736","-39.56148","38.47392","-19.60099","-37.690247","38.856953","11.719068","-29.310703","37.326836"
"era-3771","19.601131","-39.5662","38.478436","-19.601633","-37.691525","38.858223","11.719852","-29.31238","37.328686"
"era-3772","19.60353","-39.570908","38.482952","-19.60227","-37.692802","38.859493","11.720639","-29.314054","37.330536"
"era-3773","19.605932","-39.575623","38.487465","-19.602911","-37.69408","38.860764","11.721424","-29.315733","37.332386"
"era-3774","19.608334","-39.580338","38.49198","-19.60355","-37.69535","38.86203","11.722207","-29.317408","37.334232"
"era-3775","19.610737","-39.585056","38.49649","-19.604193","-37.696625","38.8633","11.722991","-29.319088","37.33608"
"era-3776","19.613134","-39.58977","38.501007","-19.604836","-37.697895","38.864574","11.723775","-29.320768","37.33793"
"era-3777","19.61554","-39.594486","38.505516","-19.60548","-37.699173","38.865845","11.724559","-29.322443","37.339775"
"era-3778","19.617943","-39.599197","38.510025","-19.606123","-37.700443","38.867115","11.725342","-29.324116","37.341618"
"era-3779","19.620346","-39.603924","38.514545","-19.606764","-37.701714","38.868385","11.726123","-29.325792","37.34346"
"era-3780","19.62275","-39.60864","38.519062","-19.6074","-37.70299","38.869656","11.726907","-29.32747","37.345303"
"era-3781","19.62515","-39.61335","38.523586","-19.60804","-37.704273","38.870926","11.727693","-29.32915","37.347145"
"era-3782","19.62755","-39.618065","38.528103","-19.608683","-37.705547","38.8722","11.728477","-29.330824","37.348988"
"era-3783","19.62995","-39.622784","38.532616","-19.60932","-37.706825","38.873463","11.729261","-29.332497","37.350826"
"era-3784","19.632349","-39.627495","38.537125","-19.60996","-37.708096","38.87473","11.730047","-29.334175","37.35266"
"era-3785","19.634752","-39.63221","38.541645","-19.610598","-37.709373","38.876","11.73083","-29.335852","37.354496"
"era-3786","19.637157","-39.63693","38.54616","-19.611237","-37.71064","38.877266","11.731615","-29.337526","37.356327"
"era-3787","19.639563","-39.641647","38.55068","-19.611877","-37.71191","38.878536","11.732398","-29.3392","37.358154"
"era-3788","19.641968","-39.64637","38.55519","-19.612516","-37.713184","38.879803","11.733183","-29.340874","37.359985"
"era-3789","19.644371","-39.65109","38.559696","-19.613153","-37.71446","38.881073","11.733967","-29.342546","37.361824"
"era-3790","19.646776","-39.655804","38.564217","-19.613787","-37.715733","38.882328","11.734751","-29.344221","37.363663"
"era-3791","19.64918","-39.66052","38.56873","-19.614422","-37.717003","38.88359","11.735538","-29.345896","37.3655"
"era-3792","19.651579","-39.665234","38.57325","-19.615057","-37.71827","38.884853","11.736322","-29.347567","37.36734"
"era-3793","19.653982","-39.66995","38.577766","-19.615692","-37.71954","38.886112","11.737108","-29.349236","37.36918"
"era-3794","19.656387","-39.674667","38.582283","-19.616331","-37.7208","38.887375","11.737892","-29.35091","37.371014"
"era-3795","19.65879","-39.67939","38.586796","-19.616964","-37.722073","38.888638","11.738676","-29.352587","37.37285"
"era-3796","19.661198","-39.68411","38.591305","-19.617603","-37.723347","38.889904","11.739462","-29.35426","37.37468"
"era-3797","19.663599","-39.68882","38.595818","-19.618238","-37.72462","38.891167","11.740247","-29.355932","37.37651"
"era-3798","19.665997","-39.693527","38.600334","-19.618872","-37.725887","38.892426","11.741033","-29.357605","37.378345"
"era-3799","19.668402","-39.698242","38.60485","-19.619509","-37.72715","38.893692","11.741814","-29.359278","37.38018"
"era-3800","19.670809","-39.70296","38.60936","-19.620144","-37.728413","38.894947","11.742597","-29.360952","37.382015"
"era-3801","19.67321","-39.707672","38.61387","-19.620779","-37.72967","38.89621","11.7433815","-29.362629","37.38385"
"era-3802","19.675611","-39.712387","38.61838","-19.62141","-37.730934","38.89746","11.7441635","-29.364298","37.385677"
"era-3803","19.678017","-39.717106","38.6229","-19.622047","-37.7322","38.898724","11.744949","-29.365974","37.387505"
"era-3804","19.680424","-39.721825","38.62741","-19.62268","-37.73346","38.899982","11.745737","-29.367645","37.38933"
"era-3805","19.682823","-39.726543","38.631924","-19.623312","-37.734722","38.901237","11.746524","-29.369324","37.391155"
"era-3806","19.685226","-39.731262","38.63645","-19.623947","-37.73599","38.9025","11.747312","-29.370998","37.392975"
"era-3807","19.687632","-39.735977","38.640972","-19.624582","-37.73725","38.903763","11.7480955","-29.372673","37.394802"
"era-3808","19.690037","-39.7407","38.645485","-19.625221","-37.738514","38.905025","11.748879","-29.374348","37.396633"
"era-3809","19.692446","-39.74542","38.65","-19.625854","-37.73978","38.906284","11.749663","-29.376022","37.398464"
"era-3810","19.694853","-39.750137","38.65452","-19.626486","-37.741043","38.90754","11.750449","-29.377691","37.400295"
"era-3811","19.697258","-39.754856","38.659042","-19.62712","-37.742306","38.9088","11.751236","-29.379364","37.402115"
"era-3812","19.699663","-39.759583","38.663555","-19.627752","-37.74356","38.910053","11.75202","-29.381035","37.403934"
"era-3813","19.702068","-39.7643","38.66808","-19.628384","-37.744827","38.91131","11.752804","-29.382711","37.405758"
"era-3814","19.704477","-39.769024","38.672596","-19.629011","-37.746094","38.912563","11.7535925","-29.384388","37.407574"
"era-3815","19.70689","-39.77375","38.677113","-19.62964","-37.747356","38.91382","11.754382","-29.386065","37.40939"
"era-3816","19.709301","-39.778465","38.68163","-19.630276","-37.748623","38.915077","11.755171","-29.387741","37.411217"
"era-3817","19.711708","-39.783184","38.686146","-19.630905","-37.74988","38.91633","11.75596","-29.389414","37.41304"
"era-3818","19.714113","-39.787903","38.69066","-19.631538","-37.751144","38.917587","11.756745","-29.391088","37.41486"
"era-3819","19.716518","-39.792625","38.69517","-19.63217","-37.75241","38.918846","11.757536","-29.39276","37.416687"
"era-3820","19.718922","-39.797337","38.699684","-19.632801","-37.753677","38.9201","11.758323","-29.394442","37.418514"
"era-3821","19.72133","-39.802055","38.704197","-19.633432","-37.754936","38.92136","11.7591095","-29.396122","37.420334"
"era-3822","19.72373","-39.806778","38.708725","-19.634064","-37.7562","38.922615","11.7599","-29.397799","37.422153"
"era-3823","19.72614","-39.811504","38.71325","-19.634693","-37.75746","38.923866","11.760688","-29.399477","37.42397"
"era-3824","19.728548","-39.816223","38.717773","-19.63532","-37.758724","38.925117","11.761476","-29.40115","37.425785"
"era-3825","19.730957","-39.820946","38.722286","-19.63595","-37.75998","38.92637","11.762267","-29.402824","37.42761"
"era-3826","19.733364","-39.825665","38.726807","-19.636578","-37.761234","38.92762","11.763061","-29.404503","37.42943"
"era-3827","19.735773","-39.830387","38.73132","-19.637209","-37.762486","38.92887","11.76385","-29.406178","37.431248"
"era-3828","19.73818","-39.835106","38.735836","-19.63784","-37.763737","38.930122","11.764639","-29.407856","37.43307"
"era-3829","19.740591","-39.83983","38.740356","-19.638466","-37.764988","38.93137","11.765426","-29.409536","37.434895"
"era-3830","19.742996","-39.844547","38.744877","-19.639095","-37.766247","38.93262","11.766214","-29.411215","37.436714"
"era-3831","19.745403","-39.849266","38.74939","-19.639725","-37.767498","38.933872","11.767005","-29.412891","37.438538"
"era-3832","19.747807","-39.85399","38.753902","-19.640352","-37.768757","38.93512","11.7677965","-29.414566","37.440357"
"era-3833","19.750212","-39.8587","38.758415","-19.640974","-37.77002","38.936367","11.768585","-29.416246","37.44218"
"era-3834","19.752619","-39.863422","38.762928","-19.641602","-37.771267","38.93761","11.769372","-29.417917","37.444008"
"era-3835","19.75503","-39.868134","38.767452","-19.642231","-37.77252","38.93886","11.770163","-29.419586","37.44583"
"era-3836","19.757435","-39.872856","38.771973","-19.642859","-37.773773","38.940113","11.770951","-29.421259","37.44765"
"era-3837","19.75984","-39.877575","38.776497","-19.643488","-37.77503","38.94136","11.77174","-29.422928","37.449474"
"era-3838","19.76225","-39.8823","38.781013","-19.644115","-37.776287","38.942608","11.77253","-29.424603","37.451298"
"era-3839","19.764656","-39.88702","38.785538","-19.644741","-37.777534","38.94385","11.773321","-29.426277","37.453117"
"era-3840","19.767061","-39.89174","38.79005","-19.645372","-37.778786","38.945107","11.774108","-29.427952","37.454933"
"era-3841","19.769464","-39.896454","38.79457","-19.645998","-37.780037","38.946354","11.774897","-29.429628","37.45675"
"era-3842","19.771875","-39.90117","38.799088","-19.64663","-37.781284","38.9476","11.775684","-29.431303","37.458565"
"era-3843","19.77428","-39.905895","38.803604","-19.647255","-37.78254","38.94885","11.776476","-29.432983","37.46039"
"era-3844","19.776686","-39.910614","38.80813","-19.647884","-37.78379","38.9501","11.7772665","-29.43466","37.462208"
"era-3845","19.779097","-39.91534","38.812645","-19.648514","-37.785046","38.951355","11.778056","-29.436338","37.464024"
"era-3846","19.781507","-39.920055","38.81716","-19.649143","-37.786304","38.952606","11.778846","-29.438015","37.46584"
"era-3847","19.78391","-39.924774","38.821674","-19.64977","-37.787556","38.953857","11.7796335","-29.439688","37.46765"
"era-3848","19.78632","-39.929493","38.82619","-19.6504","-37.78881","38.95511","11.780422","-29.441366","37.469463"
"era-3849","19.788729","-39.934208","38.830704","-19.65103","-37.790073","38.956367","11.781212","-29.443043","37.471275"
"era-3850","19.791138","-39.938934","38.835217","-19.651659","-37.791336","38.957623","11.782002","-29.444725","37.473087"
"era-3851","19.793547","-39.94366","38.839737","-19.652288","-37.79259","38.95887","11.782792","-29.446405","37.4749"
"era-3852","19.795956","-39.94838","38.844257","-19.652918","-37.793846","38.960125","11.783584","-29.44808","37.47671"
"era-3853","19.798365","-39.953102","38.848778","-19.653545","-37.795094","38.961372","11.784374","-29.449757","37.478527"
"era-3854","19.80077","-39.95782","38.8533","-19.65417","-37.79635","38.96262","11.785167","-29.45144","37.480343"
"era-3855","19.80318","-39.96254","38.85782","-19.654793","-37.797607","38.963863","11.785957","-29.45312","37.48216"
"era-3856","19.805586","-39.967262","38.862347","-19.655422","-37.79886","38.96512","11.786751","-29.4548","37.48397"
"era-3857","19.807993","-39.971977","38.866867","-19.656052","-37.800114","38.96637","11.787542","-29.45648","37.48578"
"era-3858","19.8104","-39.976704","38.871387","-19.656681","-37.801365","38.96762","11.788334","-29.45816","37.48759"
"era-3859","19.812809","-39.98142","38.875908","-19.65731","-37.80262","38.968876","11.7891245","-29.45984","37.489407"
"era-3860","19.815218","-39.98615","38.880432","-19.657938","-37.80387","38.970127","11.789914","-29.46152","37.49122"
"era-3861","19.817627","-39.990875","38.88495","-19.658564","-37.805126","38.971375","11.790705","-29.463205","37.493027"
"era-3862","19.820038","-39.995594","38.889473","-19.659187","-37.806374","38.97262","11.791494","-29.464882","37.494835"
"era-3863","19.822447","-40.000317","38.89399","-19.65981","-37.80762","38.973858","11.792286","-29.466558","37.496643"
"era-3864","19.824856","-40.00504","38.898514","-19.660439","-37.80887","38.97511","11.7930765","-29.468233","37.49845"
"era-3865","19.827269","-40.009766","38.90303","-19.66106","-37.81012","38.976353","11.793867","-29.46991","37.500256"
"era-3866","19.829678","-40.01449","38.907555","-19.661684","-37.81137","38.977596","11.794657","-29.47159","37.502068"
"era-3867","19.832087","-40.01921","38.912075","-19.662306","-37.812622","38.978836","11.795451","-29.47327","37.503883"
"era-3868","19.834496","-40.02393","38.9166","-19.662931","-37.813873","38.980083","11.796245","-29.474955","37.505703"
"era-3869","19.8369","-40.028656","38.921124","-19.66356","-37.815117","38.981335","11.797039","-29.476637","37.507523"
"era-3870","19.83931","-40.033382","38.925648","-19.664185","-37.816372","38.982582","11.797833","-29.47832","37.50934"
"era-3871","19.841724","-40.038105","38.930172","-19.66481","-37.817627","38.98383","11.798623","-29.480001","37.51115"
"era-3872","19.844133","-40.04283","38.93469","-19.665438","-37.818874","38.985077","11.799415","-29.481676","37.512974"
"era-3873","19.846544","-40.047554","38.93922","-19.666067","-37.820126","38.98633","11.800206","-29.483356","37.514793"
"era-3874","19.848955","-40.05228","38.94375","-19.666695","-37.821373","38.98758","11.800996","-29.485033","37.51661"
"era-3875","19.851366","-40.057003","38.948277","-19.667318","-37.82262","38.988823","11.801789","-29.486713","37.518425"
"era-3876","19.853783","-40.061733","38.952797","-19.667944","-37.823864","38.990063","11.802581","-29.488394","37.52024"
"era-3877","19.856195","-40.06646","38.95732","-19.668568","-37.82511","38.99131","11.803372","-29.49008","37.522057"
"era-3878","19.858603","-40.071182","38.961845","-19.669193","-37.826355","38.992554","11.804164","-29.491762","37.523872"
"era-3879","19.861012","-40.075905","38.966362","-19.669815","-37.8276","38.993797","11.804957","-29.493446","37.52569"
"era-3880","19.86342","-40.080627","38.970886","-19.670439","-37.82884","38.995037","11.805749","-29.495125","37.527504"
"era-3881","19.865833","-40.085354","38.97541","-19.671064","-37.830086","38.99628","11.806541","-29.496807","37.529316"
"era-3882","19.868244","-40.09008","38.97994","-19.67169","-37.831326","38.997528","11.807334","-29.498482","37.531124"
"era-3883","19.870655","-40.09481","38.98446","-19.672314","-37.832573","38.998768","11.8081255","-29.500156","37.53293"
"era-3884","19.873077","-40.099537","38.98898","-19.672935","-37.83382","39.00001","11.808918","-29.501837","37.534737"
"era-3885","19.875498","-40.104267","38.993507","-19.673557","-37.83507","39.001255","11.80971","-29.50352","37.53654"
"era-3886","19.877907","-40.108997","38.998024","-19.674181","-37.83633","39.002502","11.810504","-29.505198","37.53835"
"era-3887","19.88032","-40.113716","39.002544","-19.674803","-37.837574","39.003742","11.811297","-29.506874","37.540154"
"era-3888","19.882736","-40.118446","39.00706","-19.675425","-37.838825","39.004986","11.812092","-29.508554","37.54196"
"era-3889","19.885147","-40.123173","39.011585","-19.676046","-37.840073","39.006226","11.812887","-29.510235","37.543774"
"era-3890","19.887562","-40.127895","39.01611","-19.676668","-37.84132","39.007473","11.813679","-29.511919","37.54558"
"era-3891","19.889973","-40.132618","39.02062","-19.677292","-37.842567","39.008717","11.814468","-29.5136","37.54739"
"era-3892","19.892387","-40.137344","39.025143","-19.677914","-37.84381","39.009956","11.81526","-29.515276","37.5492"
"era-3893","19.894802","-40.14207","39.029667","-19.67854","-37.84506","39.011204","11.816053","-29.516956","37.551006"
"era-3894","19.897215","-40.146793","39.034187","-19.679167","-37.8463","39.01245","11.816846","-29.518631","37.55281"
"era-3895","19.89963","-40.151516","39.038704","-19.67979","-37.84754","39.013695","11.817638","-29.520311","37.554615"
"era-3896","19.902037","-40.156235","39.043217","-19.680416","-37.848793","39.01494","11.818432","-29.521988","37.556423"
"era-3897","19.904446","-40.160954","39.047737","-19.681038","-37.850037","39.016182","11.819225","-29.523672","37.558228"
"era-3898","19.906857","-40.165676","39.052254","-19.68166","-37.851276","39.017426","11.820018","-29.525356","37.56003"
"era-3899","19.90927","-40.1704","39.056774","-19.682278","-37.852524","39.01866","11.82081","-29.527042","37.561832"
"era-3900","19.911682","-40.175117","39.06129","-19.682892","-37.853767","39.019894","11.821602","-29.528728","37.563633"
"era-3901","19.914095","-40.17985","39.06581","-19.683514","-37.85501","39.021137","11.822392","-29.530413","37.565434"
"era-3902","19.916508","-40.18457","39.07033","-19.684132","-37.856255","39.022373","11.823184","-29.532095","37.567234"
"era-3903","19.918917","-40.189293","39.074852","-19.68475","-37.857502","39.023613","11.823977","-29.53378","37.569042"
"era-3904","19.921331","-40.19402","39.079372","-19.685371","-37.85875","39.024853","11.82477","-29.535465","37.57085"
"era-3905","19.923748","-40.198746","39.083893","-19.685987","-37.85999","39.026093","11.825564","-29.537157","37.57266"
"era-3906","19.926159","-40.203472","39.088406","-19.68661","-37.86123","39.027332","11.826361","-29.538849","37.57447"
"era-3907","19.928576","-40.208195","39.092934","-19.68723","-37.86247","39.02857","11.827157","-29.54054","37.57628"
"era-3908","19.930988","-40.212925","39.09745","-19.687847","-37.86371","39.029808","11.8279505","-29.54223","37.578083"
"era-3909","19.933405","-40.217648","39.10198","-19.688467","-37.864952","39.031048","11.828744","-29.543919","37.57989"
"era-3910","19.935825","-40.22238","39.10649","-19.689087","-37.8662","39.032288","11.829539","-29.545607","37.581696"
"era-3911","19.938242","-40.22711","39.11101","-19.689707","-37.867443","39.033527","11.830335","-29.547297","37.583496"
"era-3912","19.94066","-40.231834","39.115532","-19.690325","-37.868687","39.034767","11.831131","-29.548983","37.585304"
"era-3913","19.943071","-40.23656","39.120052","-19.69095","-37.869923","39.03601","11.831928","-29.550665","37.58711"
"era-3914","19.94549","-40.24129","39.124577","-19.691572","-37.871162","39.03725","11.832723","-29.552353","37.588913"
"era-3915","19.947906","-40.246025","39.129097","-19.69219","-37.872402","39.038486","11.833517","-29.554039","37.590717"
"era-3916","19.950325","-40.250755","39.13362","-19.692808","-37.873642","39.039726","11.8343115","-29.555729","37.592514"
"era-3917","19.95274","-40.255478","39.13815","-19.69343","-37.87488","39.040966","11.835106","-29.557417","37.594315"
"era-3918","19.95515","-40.26021","39.14267","-19.694052","-37.87612","39.04221","11.835901","-29.559107","37.59611"
"era-3919","19.957565","-40.26493","39.147198","-19.694668","-37.877365","39.043446","11.836699","-29.56079","37.597904"
"era-3920","19.959978","-40.26966","39.151726","-19.695286","-37.878616","39.044685","11.837497","-29.56248","37.599697"
"era-3921","19.9624","-40.27439","39.156254","-19.695908","-37.879856","39.04593","11.838294","-29.56417","37.60149"
"era-3922","19.964817","-40.279118","39.160774","-19.69653","-37.881096","39.04717","11.839095","-29.565859","37.603283"
"era-3923","19.967237","-40.283848","39.16529","-19.69715","-37.882328","39.048405","11.839892","-29.567535","37.605076"
"era-3924","19.96965","-40.288574","39.169815","-19.697765","-37.88356","39.049637","11.840691","-29.569223","37.606873"
"era-3925","19.972065","-40.293304","39.17434","-19.698381","-37.884804","39.050873","11.841487","-29.570904","37.608665"
"era-3926","19.97448","-40.29803","39.17886","-19.699","-37.88604","39.05211","11.842281","-29.57259","37.610462"
"era-3927","19.976902","-40.30276","39.183388","-19.699617","-37.887268","39.053345","11.843079","-29.574276","37.612255"
"era-3928","19.979322","-40.307495","39.187912","-19.700241","-37.888493","39.05458","11.843877","-29.575966","37.61405"
"era-3929","19.98174","-40.312225","39.192436","-19.70086","-37.889725","39.055817","11.844674","-29.57765","37.615845"
"era-3930","19.984156","-40.31696","39.196957","-19.701477","-37.890965","39.057053","11.845474","-29.579338","37.617634"
"era-3931","19.986578","-40.32169","39.201477","-19.70209","-37.8922","39.05828","11.846273","-29.581024","37.619423"
"era-3932","19.989","-40.326412","39.20599","-19.7027","-37.89344","39.059513","11.847073","-29.582716","37.621216"
"era-3933","19.991411","-40.331142","39.210506","-19.703321","-37.894672","39.06075","11.847871","-29.584404","37.62301"
"era-3934","19.993832","-40.33587","39.215027","-19.703934","-37.895905","39.06198","11.848669","-29.58609","37.6248"
"era-3935","19.99625","-40.340595","39.21955","-19.704548","-37.897137","39.063206","11.849472","-29.587776","37.6266"
"era-3936","19.998669","-40.345325","39.224075","-19.705162","-37.89837","39.064438","11.850272","-29.589466","37.628395"
"era-3937","20.00109","-40.35006","39.22861","-19.705774","-37.8996","39.065662","11.851073","-29.591152","37.63019"
"era-3938","20.003504","-40.35479","39.233135","-19.70639","-37.900837","39.066895","11.851874","-29.592842","37.631985"
"era-3939","20.005917","-40.35952","39.23765","-19.707003","-37.90207","39.068123","11.8526745","-29.594534","37.633778"
"era-3940","20.008339","-40.364243","39.242176","-19.707617","-37.9033","39.069355","11.853475","-29.596226","37.63557"
"era-3941","20.010752","-40.36897","39.246696","-19.708231","-37.904533","39.070587","11.854277","-29.597918","37.637363"
"era-3942","20.01317","-40.37369","39.25122","-19.708847","-37.90577","39.071815","11.855081","-29.599607","37.639153"
"era-3943","20.015587","-40.378426","39.255733","-19.709463","-37.906998","39.07305","11.855881","-29.601295","37.640945"
"era-3944","20.01801","-40.383152","39.260258","-19.710081","-37.908226","39.074284","11.856684","-29.602983","37.64274"
"era-3945","20.020428","-40.387875","39.26477","-19.710693","-37.909462","39.075512","11.857487","-29.604675","37.644535"
"era-3946","20.022846","-40.39261","39.26929","-19.711302","-37.91069","39.076736","11.85829","-29.606363","37.646328"
"era-3947","20.02526","-40.397335","39.27381","-19.711918","-37.911922","39.077965","11.859092","-29.608055","37.648125"
"era-3948","20.027681","-40.40206","39.27833","-19.71253","-37.91315","39.079193","11.859894","-29.609749","37.64992"
"era-3949","20.030096","-40.406788","39.282852","-19.71314","-37.91438","39.080414","11.860696","-29.611443","37.651714"
"era-3950","20.032516","-40.411507","39.287376","-19.71375","-37.915607","39.081646","11.8615","-29.613136","37.653507"
"era-3951","20.034933","-40.41624","39.291893","-19.714369","-37.916836","39.082874","11.862304","-29.614836","37.655304"
"era-3952","20.037357","-40.420975","39.296406","-19.714975","-37.918056","39.084095","11.863108","-29.616533","37.657097"
"era-3953","20.039778","-40.425697","39.300926","-19.715586","-37.91928","39.08532","11.863913","-29.618225","37.65889"
"era-3954","20.042192","-40.430424","39.305447","-19.716194","-37.920506","39.08654","11.864722","-29.619917","37.660686"
"era-3955","20.044615","-40.435154","39.309963","-19.716806","-37.92173","39.08776","11.865531","-29.621609","37.662483"
"era-3956","20.047035","-40.43988","39.31448","-19.717417","-37.922947","39.08898","11.866338","-29.6233","37.66428"
"era-3957","20.049452","-40.444603","39.319","-19.718025","-37.92417","39.090202","11.867147","-29.624996","37.666073"
"era-3958","20.051865","-40.44933","39.32353","-19.71864","-37.9254","39.09143","11.867951","-29.626688","37.667866"
"era-3959","20.054283","-40.454063","39.328056","-19.719255","-37.926624","39.092663","11.868757","-29.628384","37.66966"
"era-3960","20.056702","-40.45879","39.332577","-19.719864","-37.927856","39.093884","11.86956","-29.630077","37.671448"
"era-3961","20.059132","-40.463524","39.33709","-19.720472","-37.92909","39.09511","11.870364","-29.631771","37.673237"
"era-3962","20.061554","-40.468258","39.34161","-19.721083","-37.930317","39.096336","11.871173","-29.633467","37.675022"
"era-3963","20.063974","-40.47298","39.346127","-19.721697","-37.931545","39.097565","11.871978","-29.63516","37.676807"
"era-3964","20.066395","-40.477703","39.350647","-19.722313","-37.93277","39.098797","11.872783","-29.636856","37.67859"
"era-3965","20.068813","-40.48244","39.355156","-19.722929","-37.933994","39.10003","11.873591","-29.638554","37.680374"
"era-3966","20.071232","-40.48716","39.35968","-19.723537","-37.93522","39.101254","11.8744","-29.640247","37.68216"
"era-3967","20.07365","-40.49188","39.364204","-19.72415","-37.936443","39.102474","11.875208","-29.641937","37.683952"
"era-3968","20.076063","-40.49661","39.36872","-19.724758","-37.93767","39.1037","11.876017","-29.643625","37.68574"
"era-3969","20.078484","-40.501335","39.373245","-19.725368","-37.938904","39.104923","11.876826","-29.64532","37.687534"
"era-3970","20.080904","-40.50606","39.37776","-19.72598","-37.940125","39.106148","11.877634","-29.647017","37.689327"
"era-3971","20.083323","-40.510788","39.382275","-19.726593","-37.941353","39.107376","11.878443","-29.64871","37.691116"
"era-3972","20.085745","-40.515507","39.38679","-19.727201","-37.94258","39.108597","11.879251","-29.650406","37.692905"
"era-3973","20.088163","-40.52024","39.39131","-19.72781","-37.9438","39.109814","11.880058","-29.652103","37.69469"
"era-3974","20.090588","-40.524967","39.395836","-19.728413","-37.94503","39.111034","11.880872","-29.6538","37.696476"
"era-3975","20.093008","-40.529697","39.40035","-19.729025","-37.946255","39.11226","11.881681","-29.6555","37.69826"
"era-3976","20.095427","-40.534416","39.40486","-19.729633","-37.94748","39.113487","11.882493","-29.657196","37.70005"
"era-3977","20.097847","-40.539143","39.40938","-19.730247","-37.948708","39.114716","11.883305","-29.658894","37.701843"
"era-3978","20.100266","-40.543873","39.413902","-19.73086","-37.94993","39.11594","11.884114","-29.660591","37.703636"
"era-3979","20.102688","-40.548603","39.418415","-19.731472","-37.95115","39.117165","11.884925","-29.662287","37.705425"
"era-3980","20.105104","-40.55332","39.422935","-19.73208","-37.952366","39.11838","11.885738","-29.663986","37.70722"
"era-3981","20.107525","-40.558052","39.427452","-19.73269","-37.95359","39.119606","11.88655","-29.665686","37.70901"
"era-3982","20.109945","-40.562775","39.431965","-19.733301","-37.95481","39.120827","11.887361","-29.667383","37.7108"
"era-3983","20.112366","-40.567505","39.436478","-19.73391","-37.956036","39.12205","11.88817","-29.66908","37.71259"
"era-3984","20.114788","-40.572227","39.440987","-19.734526","-37.95725","39.12328","11.888983","-29.670778","37.714375"
"era-3985","20.117203","-40.57695","39.4455","-19.735134","-37.95847","39.124496","11.889796","-29.672478","37.716164"
"era-3986","20.119616","-40.581665","39.45002","-19.735744","-37.95969","39.12572","11.890613","-29.67418","37.717945"
"era-3987","20.122036","-40.58639","39.454536","-19.73635","-37.96092","39.12694","11.89143","-29.675882","37.719723"
"era-3988","20.124456","-40.591114","39.45905","-19.73696","-37.962143","39.128166","11.892244","-29.677588","37.721516"
"era-3989","20.126879","-40.595837","39.463562","-19.737568","-37.96336","39.129387","11.893061","-29.679293","37.72331"
"era-3990","20.129293","-40.600555","39.468075","-19.738178","-37.96458","39.13061","11.893876","-29.680992","37.725098"
"era-3991","20.131708","-40.605278","39.472588","-19.73879","-37.9658","39.131832","11.89469","-29.682692","37.726887"
"era-3992","20.13412","-40.609997","39.477097","-19.739391","-37.96703","39.133053","11.895502","-29.68439","37.728672"
"era-3993","20.136541","-40.61471","39.481613","-19.74","-37.96825","39.13427","11.896316","-29.68609","37.73046"
"era-3994","20.138968","-40.61944","39.486122","-19.740608","-37.969467","39.135494","11.89713","-29.687794","37.732246"
"era-3995","20.141376","-40.62416","39.490643","-19.741219","-37.970688","39.136715","11.8979435","-29.6895","37.734028"
"era-3996","20.143795","-40.628883","39.49516","-19.741829","-37.97191","39.137936","11.898763","-29.691206","37.735813"
"era-3997","20.146208","-40.6336","39.499672","-19.742432","-37.973133","39.139153","11.899581","-29.692911","37.737595"
"era-3998","20.148628","-40.63832","39.504185","-19.743034","-37.97436","39.14037","11.900397","-29.69461","37.739372"
"era-3999","20.151047","-40.643044","39.508698","-19.743637","-37.975586","39.141586","11.901215","-29.696312","37.741165"
"era-4000","20.15347","-40.647766","39.513206","-19.744244","-37.9768","39.142807","11.902036","-29.698023","37.742954"
"era-4001","20.155886","-40.65249","39.517723","-19.744854","-37.978024","39.144028","11.902854","-29.699732","37.744743"
"era-4002","20.158298","-40.65721","39.52224","-19.745459","-37.979248","39.145245","11.903675","-29.701443","37.74653"
"era-4003","20.16072","-40.661926","39.526756","-19.746069","-37.980465","39.14647","11.904492","-29.70315","37.748314"
"era-4004","20.163141","-40.666656","39.53126","-19.746677","-37.98168","39.14769","11.9053135","-29.70486","37.7501"
"era-4005","20.165565","-40.67138","39.535767","-19.747284","-37.982903","39.14891","11.906134","-29.706572","37.751884"
"era-4006","20.167988","-40.676094","39.540276","-19.74789","-37.98411","39.150127","11.906956","-29.708284","37.75367"
"era-4007","20.170408","-40.68082","39.54478","-19.748495","-37.985325","39.151344","11.907775","-29.70999","37.755455"
"era-4008","20.172832","-40.68554","39.549297","-19.749104","-37.986534","39.152557","11.908596","-29.711695","37.757233"
"era-4009","20.17525","-40.690254","39.553802","-19.749704","-37.98775","39.15377","11.90942","-29.7134","37.75901"
"era-4010","20.177671","-40.694984","39.55831","-19.75031","-37.988976","39.154995","11.910237","-29.715103","37.760788"
"era-4011","20.180098","-40.699703","39.562817","-19.750917","-37.990192","39.156216","11.9110565","-29.716808","37.762577"
"era-4012","20.182522","-40.704426","39.567318","-19.751526","-37.9914","39.15743","11.911877","-29.718515","37.764362"
"era-4013","20.18494","-40.70915","39.571823","-19.752132","-37.99262","39.158646","11.9127","-29.720224","37.766148"
"era-4014","20.187359","-40.713863","39.576332","-19.75274","-37.993835","39.15987","11.913522","-29.721928","37.767933"
"era-4015","20.189787","-40.71859","39.580845","-19.753345","-37.995052","39.16108","11.914345","-29.72363","37.76972"
"era-4016","20.19221","-40.723312","39.585354","-19.753948","-37.996273","39.162296","11.915171","-29.725332","37.7715"
"era-4017","20.194633","-40.728024","39.58986","-19.754557","-37.997486","39.163513","11.915995","-29.72703","37.77328"
"era-4018","20.197056","-40.73275","39.59436","-19.755161","-37.9987","39.164726","11.916819","-29.728735","37.775063"
"era-4019","20.199478","-40.73747","39.598866","-19.755762","-37.999912","39.16594","11.917643","-29.730444","37.776844"
"era-4020","20.201902","-40.742188","39.603367","-19.756367","-38.001125","39.16715","11.918465","-29.732155","37.778625"
"era-4021","20.204323","-40.74691","39.60787","-19.756973","-38.00233","39.168365","11.919287","-29.733864","37.780407"
"era-4022","20.20675","-40.75163","39.61237","-19.757576","-38.003544","39.169575","11.920109","-29.735573","37.782192"
"era-4023","20.209175","-40.756348","39.61687","-19.758175","-38.004753","39.170788","11.920933","-29.73729","37.78398"
"era-4024","20.211592","-40.761066","39.621376","-19.758781","-38.005966","39.172","11.92176","-29.739","37.785767"
"era-4025","20.214016","-40.765785","39.625874","-19.759382","-38.007168","39.173206","11.922585","-29.740711","37.787556"
"era-4026","20.216438","-40.770504","39.63038","-19.759985","-38.00838","39.17442","11.923408","-29.742422","37.78934"
"era-4027","20.21886","-40.77522","39.63488","-19.760586","-38.009594","39.17563","11.9242325","-29.744131","37.791126"
"era-4028","20.221285","-40.779938","39.63939","-19.761189","-38.010807","39.17684","11.92506","-29.745844","37.79291"
"era-4029","20.22371","-40.78466","39.643887","-19.76179","-38.01202","39.17805","11.925885","-29.747555","37.794693"
"era-4030","20.226131","-40.789375","39.648388","-19.762396","-38.013226","39.179268","11.926712","-29.749262","37.79648"
"era-4031","20.228554","-40.794094","39.65289","-19.762999","-38.01443","39.180477","11.92754","-29.750967","37.798256"
"era-4032","20.23098","-40.79881","39.657387","-19.763605","-38.015636","39.181694","11.928366","-29.752676","37.800037"
"era-4033","20.233397","-40.803524","39.661884","-19.764208","-38.01684","39.182903","11.929194","-29.754389","37.801815"
"era-4034","20.235819","-40.808247","39.666386","-19.764807","-38.01805","39.18411","11.930024","-29.756098","37.803593"
"era-4035","20.238243","-40.81296","39.67089","-19.765408","-38.019264","39.185318","11.930852","-29.75781","37.80537"
"era-4036","20.240671","-40.81768","39.675385","-19.766008","-38.020477","39.18653","11.931677","-29.75952","37.80715"
"era-4037","20.243092","-40.822403","39.679886","-19.766615","-38.021683","39.187744","11.932504","-29.76123","37.808933"
"era-4038","20.245514","-40.82712","39.68439","-19.767218","-38.022892","39.188957","11.933336","-29.762941","37.81071"
"era-4039","20.247938","-40.83184","39.688892","-19.767818","-38.0241","39.19017","11.934166","-29.764648","37.812485"
"era-4040","20.250359","-40.83655","39.693386","-19.768421","-38.025307","39.19138","11.934997","-29.766361","37.814262"
"era-4041","20.252779","-40.84127","39.69789","-19.769018","-38.02652","39.19259","11.935826","-29.76807","37.816036"
"era-4042","20.2552","-40.845978","39.702393","-19.769627","-38.02773","39.1938","11.936655","-29.76978","37.81781"
"era-4043","20.257624","-40.850693","39.70689","-19.77023","-38.02894","39.195015","11.937485","-29.771488","37.819588"
"era-4044","20.260046","-40.855404","39.71139","-19.770832","-38.03015","39.196224","11.938315","-29.7732","37.82136"
"era-4045","20.262466","-40.860126","39.715885","-19.771435","-38.03137","39.197445","11.939148","-29.774914","37.823135"
"era-4046","20.264887","-40.864834","39.720387","-19.77204","-38.032578","39.198658","11.939981","-29.776627","37.824913"
"era-4047","20.267305","-40.869553","39.724884","-19.77264","-38.03379","39.199863","11.940813","-29.778337","37.82669"
"era-4048","20.269728","-40.874264","39.72939","-19.773241","-38.035004","39.201077","11.9416485","-29.780045","37.82847"
"era-4049","20.27215","-40.878986","39.73389","-19.773848","-38.036217","39.202297","11.942486","-29.781755","37.830246"
"era-4050","20.27457","-40.8837","39.738384","-19.774452","-38.037422","39.20351","11.943318","-29.783474","37.83203"
"era-4051","20.276983","-40.888405","39.742886","-19.775055","-38.03863","39.20472","11.944152","-29.785189","37.833813"
"era-4052","20.279402","-40.893112","39.747375","-19.77566","-38.039837","39.205933","11.9449835","-29.786905","37.83559"
"era-4053","20.281824","-40.89782","39.75187","-19.776258","-38.041046","39.207138","11.945818","-29.788622","37.83737"
"era-4054","20.284246","-40.902527","39.756363","-19.776855","-38.04226","39.208347","11.946654","-29.790337","37.839146"
"era-4055","20.286665","-40.907246","39.760853","-19.777456","-38.043472","39.20956","11.947489","-29.792051","37.84092"
"era-4056","20.28909","-40.911953","39.765343","-19.778055","-38.044678","39.21077","11.948321","-29.793766","37.84269"
"era-4057","20.29151","-40.916664","39.769844","-19.778656","-38.04589","39.211975","11.949158","-29.795479","37.84446"
"era-4058","20.29393","-40.92138","39.774338","-19.779253","-38.047092","39.21318","11.949997","-29.797192","37.846233"
"era-4059","20.29635","-40.92609","39.778828","-19.779861","-38.048298","39.214394","11.950832","-29.798908","37.848003"
"era-4060","20.298773","-40.930798","39.783325","-19.78046","-38.049503","39.215603","11.951669","-29.800615","37.84978"
"era-4061","20.301195","-40.935513","39.78782","-19.781063","-38.050716","39.216812","11.952508","-29.802326","37.85156"
"era-4062","20.303612","-40.940228","39.79232","-19.781658","-38.05192","39.21802","11.953348","-29.804043","37.853336"
"era-4063","20.306034","-40.94494","39.796818","-19.78226","-38.053135","39.21923","11.954186","-29.805754","37.855114"
"era-4064","20.308456","-40.949642","39.801315","-19.782864","-38.05434","39.220444","11.955025","-29.807467","37.85689"
"era-4065","20.310875","-40.954357","39.8058","-19.783468","-38.055546","39.221653","11.955865","-29.809175","37.85867"
"era-4066","20.3133","-40.959064","39.81029","-19.78407","-38.05675","39.222862","11.956705","-29.810892","37.860443"
"era-4067","20.315723","-40.96377","39.814785","-19.784672","-38.05796","39.224075","11.957547","-29.812607","37.862217"
"era-4068","20.318144","-40.96849","39.81927","-19.785273","-38.059166","39.225285","11.958387","-29.814322","37.86399"
"era-4069","20.320568","-40.9732","39.82377","-19.78587","-38.06037","39.22649","11.959228","-29.81604","37.86576"
"era-4070","20.322987","-40.97791","39.82826","-19.786474","-38.061573","39.2277","11.960069","-29.817762","37.86753"
"era-4071","20.32541","-40.982613","39.83274","-19.787079","-38.06277","39.22891","11.960913","-29.819483","37.869305"
"era-4072","20.327833","-40.987324","39.83723","-19.787676","-38.063972","39.23011","11.961755","-29.821203","37.871075"
"era-4073","20.330257","-40.992027","39.84172","-19.78827","-38.065178","39.23131","11.962601","-29.822922","37.87285"
"era-4074","20.332672","-40.99673","39.84621","-19.788868","-38.066383","39.232513","11.963446","-29.824638","37.87463"
"era-4075","20.33509","-41.00144","39.850697","-19.789463","-38.06759","39.23372","11.96429","-29.826355","37.87641"
"era-4076","20.337503","-41.006138","39.855186","-19.790064","-38.06879","39.234924","11.965133","-29.828072","37.87819"
"era-4077","20.339924","-41.01084","39.85967","-19.790663","-38.06999","39.236126","11.965978","-29.829792","37.879963"
"era-4078","20.342342","-41.015545","39.864155","-19.791262","-38.07119","39.23733","11.966824","-29.831512","37.881733"
"era-4079","20.344765","-41.02025","39.86864","-19.791855","-38.072395","39.238533","11.967669","-29.833233","37.8835"
"era-4080","20.347185","-41.024952","39.873127","-19.792454","-38.073593","39.239735","11.968515","-29.83495","37.885265"
"era-4081","20.349606","-41.029663","39.877613","-19.793053","-38.074795","39.24094","11.969365","-29.83667","37.88703"
"era-4082","20.352024","-41.034374","39.88211","-19.793648","-38.075993","39.24214","11.970212","-29.838396","37.888794"
"era-4083","20.354445","-41.039078","39.886604","-19.794245","-38.077187","39.243343","11.971062","-29.84012","37.89056"
"era-4084","20.35687","-41.04378","39.89108","-19.794842","-38.07838","39.24455","11.971908","-29.841848","37.892326"
"era-4085","20.359287","-41.048492","39.89556","-19.795437","-38.079575","39.245747","11.972758","-29.843575","37.894096"
"era-4086","20.361715","-41.053192","39.900047","-19.796032","-38.080776","39.246944","11.973607","-29.845303","37.895866"
"era-4087","20.364136","-41.0579","39.904537","-19.796623","-38.08198","39.248146","11.974459","-29.84703","37.89764"
"era-4088","20.36655","-41.062607","39.90902","-19.797218","-38.08318","39.249344","11.975309","-29.84876","37.899414"
"era-4089","20.368975","-41.06731","39.91351","-19.797812","-38.08438","39.25054","11.976158","-29.850489","37.901184"
"era-4090","20.371391","-41.072014","39.917988","-19.798412","-38.085575","39.251747","11.977009","-29.85222","37.902954"
"era-4091","20.373816","-41.076717","39.922478","-19.799007","-38.08677","39.252945","11.977859","-29.853949","37.904724"
"era-4092","20.376236","-41.081425","39.92696","-19.799603","-38.08797","39.25415","11.978709","-29.855677","37.90649"
"era-4093","20.378658","-41.086132","39.931442","-19.8002","-38.089165","39.255352","11.979564","-29.857403","37.908257"
"era-4094","20.38108","-41.09084","39.935925","-19.800797","-38.090363","39.256554","11.980419","-29.859133","37.91002"
"era-4095","20.3835","-41.09554","39.94041","-19.801395","-38.09156","39.25776","11.98127","-29.86086","37.911785"
"era-4096","20.385921","-41.100243","39.944897","-19.801987","-38.092762","39.258957","11.982123","-29.86259","37.913548"
"era-4097","20.388342","-41.104942","39.949375","-19.802582","-38.093956","39.26016","11.982978","-29.864323","37.915314"
"era-4098","20.390759","-41.109642","39.953854","-19.803179","-38.095154","39.26136","11.983834","-29.866056","37.91708"
"era-4099","20.393185","-41.11434","39.95832","-19.803774","-38.09635","39.26256","11.984689","-29.867788","37.918842"
"era-4100","20.395605","-41.11904","39.9628","-19.804373","-38.09755","39.263767","11.985544","-29.869526","37.920612"
"era-4101","20.398026","-41.12374","39.96729","-19.804964","-38.09875","39.264965","11.9864","-29.871258","37.92238"
"era-4102","20.400444","-41.128445","39.97177","-19.805561","-38.099957","39.266167","11.987252","-29.872992","37.92415"
"era-4103","20.402859","-41.133137","39.976246","-19.806156","-38.10116","39.267376","11.988108","-29.874722","37.92591"
"era-4104","20.405277","-41.137836","39.980732","-19.806751","-38.102356","39.268574","11.988961","-29.876455","37.92767"
"era-4105","20.407701","-41.142548","39.98521","-19.807346","-38.103554","39.269775","11.989815","-29.878193","37.929432"
"era-4106","20.410126","-41.147247","39.98969","-19.807941","-38.104744","39.270977","11.990672","-29.879927","37.93119"
"era-4107","20.412548","-41.15195","39.994164","-19.808535","-38.105946","39.27217","11.9915285","-29.881659","37.932953"
"era-4108","20.41497","-41.15665","39.998642","-19.809128","-38.107143","39.273376","11.992388","-29.88339","37.93471"
"era-4109","20.417387","-41.16135","40.00311","-19.809721","-38.10835","39.27458","11.993247","-29.885122","37.936474"
"era-4110","20.419804","-41.166042","40.007587","-19.810316","-38.109547","39.275772","11.994107","-29.886854","37.938236"
"era-4111","20.422224","-41.170742","40.012074","-19.810907","-38.110733","39.27697","11.994968","-29.88859","37.94"
"era-4112","20.42464","-41.175446","40.016556","-19.8115","-38.111923","39.278168","11.995827","-29.890326","37.941765"
"era-4113","20.427061","-41.18014","40.021034","-19.812096","-38.113117","39.279366","11.996686","-29.89206","37.943527"
"era-4114","20.42948","-41.184837","40.025517","-19.81269","-38.114307","39.280567","11.99755","-29.893795","37.945293"
"era-4115","20.431896","-41.18954","40.02999","-19.813288","-38.115494","39.28176","11.998414","-29.89553","37.94706"
"era-4116","20.434319","-41.194233","40.034466","-19.813885","-38.116688","39.282967","11.999274","-29.897266","37.948822"
"era-4117","20.436735","-41.19893","40.038937","-19.814482","-38.117878","39.28417","12.000134","-29.899006","37.95059"
"era-4118","20.439156","-41.203632","40.04342","-19.815077","-38.11907","39.285366","12.000994","-29.900742","37.952354"
"era-4119","20.441576","-41.20834","40.047897","-19.815674","-38.12026","39.286568","12.001858","-29.90248","37.954117"
"era-4120","20.444002","-41.213028","40.05238","-19.816269","-38.121456","39.28777","12.002719","-29.904219","37.955883"
"era-4121","20.446419","-41.21773","40.056847","-19.81686","-38.12265","39.288963","12.003586","-29.905958","37.957645"
"era-4122","20.448849","-41.22243","40.061317","-19.817453","-38.123848","39.290165","12.004451","-29.907698","37.95941"
"era-4123","20.451267","-41.227127","40.065792","-19.818045","-38.125042","39.29136","12.005319","-29.909441","37.96117"
"era-4124","20.453684","-41.23182","40.070267","-19.81864","-38.126232","39.29256","12.006186","-29.911179","37.962933"
"era-4125","20.456106","-41.236523","40.07474","-19.819231","-38.127422","39.293755","12.007051","-29.912916","37.964695"
"era-4126","20.458525","-41.24122","40.079216","-19.819824","-38.128613","39.29495","12.007919","-29.914661","37.966454"
"era-4127","20.460943","-41.24591","40.08369","-19.820417","-38.129803","39.296146","12.008788","-29.916407","37.96821"
"era-4128","20.46336","-41.25061","40.088165","-19.821005","-38.130993","39.297337","12.009656","-29.918152","37.96997"
"era-4129","20.465786","-41.255306","40.092636","-19.821594","-38.13219","39.298527","12.010523","-29.919895","37.971733"
"era-4130","20.468199","-41.26","40.097107","-19.822184","-38.133385","39.299725","12.011391","-29.921638","37.97349"
"era-4131","20.470617","-41.26469","40.101578","-19.822775","-38.13458","39.300915","12.01226","-29.923384","37.975254"
"era-4132","20.473042","-41.269386","40.10605","-19.823364","-38.135773","39.30211","12.013129","-29.925129","37.977013"
"era-4133","20.475462","-41.274082","40.110516","-19.823954","-38.136967","39.303303","12.013999","-29.926876","37.97877"
"era-4134","20.477879","-41.278767","40.11499","-19.824547","-38.138157","39.3045","12.01487","-29.928617","37.98053"
"era-4135","20.480297","-41.283463","40.11946","-19.825138","-38.139343","39.3057","12.015739","-29.930363","37.98229"
"era-4136","20.48272","-41.28816","40.12392","-19.825727","-38.140537","39.306892","12.016611","-29.932108","37.984047"
"era-4137","20.485147","-41.29285","40.128387","-19.82632","-38.141727","39.30809","12.017482","-29.933857","37.9858"
"era-4138","20.487566","-41.29755","40.132847","-19.826908","-38.142925","39.309284","12.018353","-29.935608","37.98756"
"era-4139","20.489986","-41.302242","40.137318","-19.8275","-38.144127","39.310482","12.019229","-29.937357","37.98932"
"era-4140","20.492413","-41.30694","40.141785","-19.828093","-38.14532","39.311684","12.0201025","-29.939108","37.991077"
"era-4141","20.49483","-41.311626","40.14625","-19.828686","-38.14651","39.31288","12.020978","-29.94086","37.992836"
"era-4142","20.497242","-41.31632","40.150723","-19.829277","-38.147705","39.314075","12.021853","-29.942606","37.994595"
"era-4143","20.499664","-41.32101","40.15519","-19.829865","-38.148895","39.31527","12.022729","-29.944353","37.996353"
"era-4144","20.50208","-41.3257","40.159653","-19.830458","-38.15008","39.31646","12.023603","-29.946102","37.99811"
"era-4145","20.504501","-41.330395","40.16412","-19.831045","-38.151268","39.317657","12.024483","-29.947845","37.99987"
"era-4146","20.506924","-41.335087","40.16859","-19.831636","-38.152466","39.318848","12.025364","-29.9496","38.00163"
"era-4147","20.509352","-41.33978","40.17305","-19.832226","-38.153652","39.320045","12.026243","-29.95135","38.003384"
"era-4148","20.51177","-41.344467","40.17751","-19.832819","-38.154835","39.321236","12.0271225","-29.953098","38.005142"
"era-4149","20.514196","-41.34916","40.181973","-19.833406","-38.15603","39.322426","12.028005","-29.95485","38.006897"
"era-4150","20.516613","-41.353848","40.18643","-19.833998","-38.157223","39.323624","12.028886","-29.956596","38.008644"
"era-4151","20.51903","-41.358536","40.190887","-19.834589","-38.158413","39.32482","12.029767","-29.958342","38.010395"
"era-4152","20.521452","-41.363224","40.19535","-19.83518","-38.1596","39.32601","12.030648","-29.96009","38.012154"
"era-4153","20.523874","-41.367912","40.19981","-19.835772","-38.160793","39.327213","12.031528","-29.961847","38.01391"
"era-4154","20.526293","-41.372604","40.20427","-19.83636","-38.161983","39.328403","12.032412","-29.963598","38.01566"
"era-4155","20.528715","-41.377293","40.208725","-19.836952","-38.163166","39.3296","12.033295","-29.965357","38.017414"
"era-4156","20.53114","-41.381977","40.21318","-19.837543","-38.164356","39.330795","12.034176","-29.967115","38.019165"
"era-4157","20.53356","-41.38666","40.21764","-19.838137","-38.165543","39.331993","12.035063","-29.96887","38.020912"
"era-4158","20.53598","-41.391346","40.222103","-19.838728","-38.166733","39.33319","12.035946","-29.970627","38.02267"
"era-4159","20.538393","-41.396034","40.22656","-19.83932","-38.16792","39.334385","12.036831","-29.972382","38.024426"
"era-4160","20.54081","-41.40072","40.231014","-19.83991","-38.169113","39.335583","12.037716","-29.97414","38.02618"
"era-4161","20.54323","-41.405407","40.235474","-19.8405","-38.1703","39.33677","12.038602","-29.975899","38.027935"
"era-4162","20.54565","-41.41009","40.23993","-19.841085","-38.171486","39.33796","12.03949","-29.977655","38.02969"
"era-4163","20.54807","-41.414776","40.244385","-19.841675","-38.172672","39.339153","12.040378","-29.979418","38.031445"
"era-4164","20.550488","-41.41946","40.24884","-19.842262","-38.17386","39.34034","12.041265","-29.981176","38.0332"
"era-4165","20.552908","-41.42414","40.253292","-19.842846","-38.17504","39.341526","12.042155","-29.982937","38.034954"
"era-4166","20.555334","-41.42883","40.25774","-19.843435","-38.17622","39.342716","12.043046","-29.984695","38.036705"
"era-4167","20.557753","-41.43351","40.26218","-19.844023","-38.1774","39.343903","12.043939","-29.986456","38.038464"
"era-4168","20.560171","-41.438183","40.266632","-19.844616","-38.17858","39.345097","12.04483","-29.988216","38.040222"
"era-4169","20.562582","-41.442863","40.27108","-19.845205","-38.179764","39.346287","12.045725","-29.989983","38.041977"
"era-4170","20.564995","-41.44754","40.275536","-19.845793","-38.180954","39.347473","12.046617","-29.991745","38.043736"
"era-4171","20.567411","-41.45222","40.279984","-19.84638","-38.182137","39.34867","12.047508","-29.993505","38.04549"
"era-4172","20.569828","-41.456898","40.284435","-19.846972","-38.183323","39.349865","12.048401","-29.995274","38.047245"
"era-4173","20.572247","-41.461582","40.28889","-19.847557","-38.1845","39.35105","12.049295","-29.99704","38.049"
"era-4174","20.574656","-41.46626","40.29334","-19.848145","-38.185688","39.352238","12.050192","-29.998808","38.050755"
"era-4175","20.57707","-41.470936","40.2978","-19.848726","-38.18688","39.353428","12.051087","-30.000582","38.052505"
"era-4176","20.579485","-41.475616","40.302246","-19.84931","-38.18807","39.354614","12.051978","-30.00235","38.054256"
"era-4177","20.581902","-41.480293","40.3067","-19.849895","-38.18925","39.3558","12.052874","-30.004116","38.056007"
"era-4178","20.584316","-41.484974","40.311157","-19.850477","-38.19043","39.356987","12.053771","-30.005884","38.05776"
"era-4179","20.586733","-41.48965","40.31561","-19.851065","-38.191612","39.358177","12.05467","-30.007654","38.0595"
"era-4180","20.58915","-41.49433","40.320057","-19.851654","-38.192795","39.359364","12.055566","-30.009418","38.061245"
"era-4181","20.591564","-41.49901","40.324512","-19.852243","-38.193974","39.360558","12.056462","-30.011187","38.062992"
"era-4182","20.593983","-41.50369","40.32896","-19.852829","-38.19516","39.361744","12.057358","-30.012957","38.064743"
"era-4183","20.596401","-41.508373","40.333412","-19.853413","-38.196342","39.362923","12.058254","-30.014727","38.066494"
"era-4184","20.598816","-41.513046","40.33786","-19.853992","-38.197525","39.36411","12.0591545","-30.016499","38.068245"
"era-4185","20.60123","-41.517723","40.342304","-19.854578","-38.198708","39.365295","12.060056","-30.018274","38.06999"
"era-4186","20.60365","-41.5224","40.346756","-19.85516","-38.19989","39.366478","12.060955","-30.020044","38.07173"
"era-4187","20.606068","-41.52709","40.351204","-19.855745","-38.20107","39.367672","12.061853","-30.021818","38.073475"
"era-4188","20.608486","-41.531765","40.35566","-19.856335","-38.202244","39.368862","12.062759","-30.023594","38.07522"
"era-4189","20.610895","-41.53644","40.360107","-19.856922","-38.203423","39.370052","12.06366","-30.025368","38.07696"
"era-4190","20.613312","-41.54112","40.36456","-19.85751","-38.2046","39.371243","12.064562","-30.027145","38.078705"
"era-4191","20.615723","-41.545795","40.36901","-19.858097","-38.20578","39.37243","12.065461","-30.028921","38.080452"
"era-4192","20.61814","-41.55047","40.373466","-19.858679","-38.20696","39.373608","12.066364","-30.030699","38.082195"
"era-4193","20.620556","-41.55515","40.377914","-19.85926","-38.208138","39.374794","12.06727","-30.032478","38.083942"
"era-4194","20.622969","-41.559826","40.38236","-19.859846","-38.209312","39.375977","12.0681715","-30.034254","38.085686"
"era-4195","20.625387","-41.5645","40.386806","-19.860426","-38.21049","39.377163","12.069075","-30.036026","38.08743"
"era-4196","20.627804","-41.569176","40.39124","-19.86101","-38.211666","39.378345","12.069979","-30.037802","38.089172"
"era-4197","20.630222","-41.57385","40.39569","-19.861593","-38.21284","39.37953","12.070882","-30.039577","38.09092"
"era-4198","20.632643","-41.578526","40.400127","-19.862175","-38.214024","39.38071","12.071786","-30.041353","38.092667"
"era-4199","20.635056","-41.583202","40.40457","-19.862759","-38.215202","39.381893","12.072692","-30.043125","38.094418"
"era-4200","20.63747","-41.58787","40.40902","-19.863337","-38.216377","39.383068","12.073598","-30.044897","38.096165"
"era-4201","20.639883","-41.59255","40.413464","-19.863916","-38.21755","39.384247","12.074504","-30.046673","38.097908"
"era-4202","20.642298","-41.59722","40.41791","-19.864496","-38.21872","39.38542","12.07541","-30.048449","38.099655"
"era-4203","20.64471","-41.60189","40.42235","-19.865078","-38.2199","39.386604","12.076317","-30.05022","38.1014"
"era-4204","20.647121","-41.606556","40.42679","-19.865656","-38.22107","39.387783","12.077224","-30.051998","38.103138"
"era-4205","20.64953","-41.611225","40.43123","-19.866238","-38.222248","39.388958","12.078134","-30.053774","38.10489"
"era-4206","20.651937","-41.615894","40.43567","-19.866817","-38.22343","39.390144","12.0790415","-30.055553","38.106632"
"era-4207","20.654352","-41.620556","40.44011","-19.8674","-38.22461","39.391323","12.07995","-30.057335","38.10838"
"era-4208","20.656765","-41.62523","40.444546","-19.867983","-38.225784","39.39251","12.08086","-30.059114","38.110126"
"era-4209","20.65918","-41.629894","40.44899","-19.868563","-38.226967","39.393692","12.081773","-30.060894","38.111877"
"era-4210","20.661592","-41.634567","40.45343","-19.869152","-38.22815","39.394882","12.082684","-30.062672","38.113625"
"era-4211","20.664003","-41.639236","40.45787","-19.869736","-38.22933","39.39607","12.083597","-30.06445","38.11537"
"era-4212","20.666416","-41.643906","40.46231","-19.87032","-38.230507","39.39725","12.084513","-30.066227","38.11712"
"era-4213","20.66883","-41.648575","40.466755","-19.870903","-38.23168","39.398438","12.085424","-30.068007","38.118866"
"era-4214","20.671236","-41.65324","40.471184","-19.871483","-38.232853","39.399612","12.086338","-30.069788","38.120613"
"era-4215","20.67365","-41.657906","40.475616","-19.872066","-38.234016","39.400795","12.087253","-30.071573","38.12236"
"era-4216","20.67606","-41.662563","40.480057","-19.872652","-38.235184","39.401978","12.088166","-30.073355","38.124107"
"era-4217","20.678465","-41.66723","40.48449","-19.873234","-38.23635","39.40316","12.089083","-30.075136","38.125854"
"era-4218","20.680876","-41.671894","40.48892","-19.873817","-38.237526","39.40434","12.089998","-30.076918","38.127605"
"era-4219","20.683289","-41.676556","40.49335","-19.874401","-38.238697","39.40552","12.090911","-30.078703","38.129353"
"era-4220","20.685696","-41.681213","40.497784","-19.874983","-38.23987","39.4067","12.091828","-30.080488","38.1311"
"era-4221","20.688103","-41.685883","40.50223","-19.87556","-38.241043","39.407883","12.092746","-30.082273","38.132843"
"era-4222","20.690514","-41.690548","40.506668","-19.876143","-38.242218","39.40906","12.093662","-30.084064","38.134586"
"era-4223","20.692923","-41.69521","40.511093","-19.876719","-38.243385","39.410236","12.094582","-30.085855","38.136333"
"era-4224","20.69533","-41.699867","40.515533","-19.877304","-38.24456","39.411415","12.095501","-30.087643","38.138077"
"era-4225","20.697739","-41.704533","40.519962","-19.877884","-38.245728","39.41259","12.09642","-30.089434","38.13982"
"era-4226","20.70015","-41.709194","40.52439","-19.878462","-38.246895","39.41377","12.0973425","-30.091223","38.141563"
"era-4227","20.702559","-41.713856","40.528824","-19.879044","-38.248062","39.414948","12.098263","-30.093016","38.14331"
"era-4228","20.704971","-41.718517","40.533253","-19.879625","-38.249226","39.416126","12.099184","-30.094805","38.145054"
"era-4229","20.707384","-41.72318","40.53768","-19.880201","-38.250397","39.4173","12.100106","-30.096596","38.146797"
"era-4230","20.709799","-41.727848","40.542114","-19.880781","-38.251568","39.418476","12.101029","-30.098385","38.14855"
"era-4231","20.712208","-41.732502","40.54655","-19.88136","-38.252735","39.419647","12.101954","-30.100178","38.1503"
"era-4232","20.71462","-41.737167","40.55098","-19.881937","-38.253906","39.420826","12.102879","-30.101974","38.15205"
"era-4233","20.717031","-41.741833","40.555412","-19.882517","-38.25508","39.422005","12.103803","-30.103771","38.153797"
"era-4234","20.719446","-41.746494","40.559845","-19.883095","-38.256256","39.423183","12.104727","-30.105568","38.155544"
"era-4235","20.721853","-41.751152","40.564274","-19.88367","-38.257427","39.424362","12.105655","-30.107367","38.157288"
"era-4236","20.724255","-41.75581","40.568707","-19.88425","-38.258606","39.42554","12.10658","-30.109169","38.15903"
"era-4237","20.726665","-41.76047","40.573135","-19.88483","-38.259777","39.426716","12.107504","-30.110964","38.160774"
"era-4238","20.729073","-41.765133","40.577568","-19.885406","-38.26095","39.42789","12.108431","-30.112762","38.162514"
"era-4239","20.73148","-41.769787","40.581997","-19.885983","-38.26211","39.429066","12.109359","-30.114557","38.164253"
"era-4240","20.733885","-41.77444","40.586422","-19.88656","-38.263275","39.43024","12.110285","-30.116358","38.165997"
"era-4241","20.736301","-41.779102","40.590847","-19.887142","-38.264442","39.431416","12.111216","-30.11815","38.167744"
"era-4242","20.738708","-41.783764","40.59527","-19.88772","-38.265617","39.4326","12.1121435","-30.119946","38.169487"
"era-4243","20.741121","-41.788414","40.599693","-19.8883","-38.26679","39.433773","12.113073","-30.121742","38.171234"
"era-4244","20.743528","-41.793068","40.60411","-19.888876","-38.267956","39.434948","12.114","-30.12354","38.172977"
"era-4245","20.745932","-41.797726","40.60854","-19.889452","-38.269123","39.436123","12.114928","-30.125338","38.17472"
"era-4246","20.748339","-41.802383","40.612972","-19.89003","-38.270294","39.4373","12.11586","-30.127144","38.176464"
"era-4247","20.75074","-41.807034","40.617397","-19.890608","-38.27147","39.438477","12.116791","-30.12895","38.178207"
"era-4248","20.753143","-41.811684","40.621826","-19.891188","-38.272633","39.439655","12.117722","-30.13075","38.17995"
"era-4249","20.75555","-41.816338","40.62625","-19.891768","-38.2738","39.44083","12.118653","-30.132551","38.181694"
"era-4250","20.757952","-41.82099","40.630665","-19.892345","-38.274963","39.44201","12.119586","-30.134356","38.183437"
"era-4251","20.760357","-41.825634","40.635082","-19.892923","-38.27613","39.443188","12.120521","-30.136156","38.185177"
"era-4252","20.762768","-41.830288","40.6395","-19.893507","-38.277294","39.444363","12.121454","-30.13796","38.18692"
"era-4253","20.765175","-41.834946","40.64391","-19.894083","-38.278458","39.44554","12.122388","-30.139765","38.188656"
"era-4254","20.767582","-41.8396","40.648323","-19.89466","-38.27962","39.446716","12.123324","-30.141573","38.190395"
"era-4255","20.76999","-41.844246","40.65275","-19.895237","-38.28079","39.447887","12.124261","-30.143377","38.192135"
"era-4256","20.772392","-41.8489","40.657173","-19.895817","-38.28196","39.449062","12.125196","-30.145182","38.19387"
"era-4257","20.774794","-41.85355","40.661594","-19.896393","-38.28313","39.450237","12.126133","-30.146984","38.195606"
"era-4258","20.777199","-41.858196","40.666016","-19.896965","-38.284298","39.45141","12.12707","-30.148788","38.19735"
"era-4259","20.779606","-41.862843","40.67043","-19.897535","-38.28547","39.45258","12.128006","-30.150589","38.199097"
"era-4260","20.782011","-41.867496","40.674843","-19.898111","-38.286633","39.45375","12.128942","-30.152391","38.20084"
"era-4261","20.78442","-41.872147","40.679256","-19.89869","-38.2878","39.45492","12.129878","-30.1542","38.202587"
"era-4262","20.786825","-41.876797","40.683674","-19.899261","-38.28897","39.456097","12.130818","-30.156006","38.204327"
"era-4263","20.789232","-41.881443","40.688095","-19.899837","-38.29014","39.457268","12.131758","-30.15781","38.206066"
"era-4264","20.791637","-41.886093","40.692513","-19.900415","-38.2913","39.458443","12.132699","-30.15961","38.207806"
"era-4265","20.79403","-41.89074","40.696934","-19.900993","-38.29247","39.45962","12.133641","-30.161413","38.20955"
"era-4266","20.796436","-41.895382","40.701355","-19.901575","-38.293633","39.460796","12.134581","-30.163218","38.21129"
"era-4267","20.798838","-41.90003","40.705765","-19.902153","-38.2948","39.461975","12.13552","-30.165024","38.213028"
"era-4268","20.801235","-41.904675","40.710182","-19.902727","-38.29596","39.463146","12.136461","-30.16683","38.214767"
"era-4269","20.803637","-41.909313","40.7146","-19.903305","-38.29712","39.46432","12.137406","-30.168638","38.216503"
"era-4270","20.806042","-41.913956","40.719017","-19.903883","-38.29828","39.465496","12.138349","-30.170443","38.21824"
"era-4271","20.808435","-41.9186","40.723434","-19.904459","-38.299442","39.466667","12.139296","-30.172253","38.219975"
"era-4272","20.810833","-41.92325","40.72785","-19.905037","-38.30061","39.46784","12.140239","-30.174063","38.221714"
"era-4273","20.813242","-41.92789","40.732277","-19.905611","-38.301773","39.46901","12.141182","-30.17587","38.22345"
"era-4274","20.81564","-41.93254","40.736687","-19.906185","-38.302937","39.47018","12.142126","-30.177681","38.22519"
"era-4275","20.818043","-41.937176","40.741104","-19.90676","-38.3041","39.47135","12.143076","-30.179491","38.226925"
"era-4276","20.820442","-41.941822","40.745514","-19.907331","-38.305267","39.472527","12.144019","-30.181305","38.22866"
"era-4277","20.822844","-41.94647","40.749935","-19.907906","-38.30643","39.473694","12.144964","-30.183115","38.2304"
"era-4278","20.825243","-41.951115","40.75436","-19.908478","-38.30759","39.474865","12.145914","-30.184929","38.232132"
"era-4279","20.827642","-41.955753","40.75877","-19.909054","-38.308746","39.476036","12.146864","-30.18674","38.233864"
"era-4280","20.830038","-41.960392","40.76319","-19.90963","-38.30991","39.477207","12.147813","-30.188559","38.235596"
"era-4281","20.832436","-41.965023","40.76761","-19.910204","-38.311077","39.47838","12.148763","-30.19037","38.237328"
"era-4282","20.834827","-41.969666","40.772015","-19.910778","-38.31224","39.479553","12.149715","-30.192186","38.23906"
"era-4283","20.837227","-41.974297","40.776424","-19.911356","-38.3134","39.48073","12.150665","-30.194004","38.240795"
"era-4284","20.839624","-41.978935","40.780834","-19.91193","-38.314575","39.481895","12.151614","-30.195822","38.242527"
"era-4285","20.842024","-41.983574","40.78524","-19.912506","-38.315742","39.483074","12.152565","-30.197638","38.24426"
"era-4286","20.844416","-41.988205","40.78965","-19.913082","-38.316902","39.484245","12.153516","-30.199448","38.24599"
"era-4287","20.84681","-41.992836","40.794067","-19.913656","-38.31807","39.48542","12.1544695","-30.20126","38.247726"
"era-4288","20.849205","-41.99747","40.79848","-19.914225","-38.31924","39.48659","12.155422","-30.203074","38.249462"
"era-4289","20.851595","-42.002106","40.802887","-19.914803","-38.3204","39.48777","12.156374","-30.204893","38.2512"
"era-4290","20.853985","-42.00674","40.807297","-19.915384","-38.32156","39.488945","12.157325","-30.206713","38.252934"
"era-4291","20.85638","-42.01137","40.811707","-19.91596","-38.322723","39.490124","12.158276","-30.208534","38.25466"
"era-4292","20.85877","-42.016006","40.816116","-19.916534","-38.32388","39.49129","12.159228","-30.21035","38.256393"
"era-4293","20.861164","-42.020638","40.82053","-19.917107","-38.325043","39.49246","12.160181","-30.212172","38.25812"
"era-4294","20.863562","-42.025272","40.82494","-19.917679","-38.326206","39.493626","12.161135","-30.21399","38.25985"
"era-4295","20.865955","-42.029907","40.829346","-19.918247","-38.327362","39.49479","12.162089","-30.215807","38.261578"
"era-4296","20.86835","-42.034542","40.833755","-19.91882","-38.32852","39.495956","12.163042","-30.217625","38.263306"
"era-4297","20.870739","-42.039177","40.83817","-19.919395","-38.329678","39.49712","12.163999","-30.219442","38.26503"
"era-4298","20.873129","-42.043804","40.842583","-19.919966","-38.33083","39.498287","12.164957","-30.22126","38.266758"
"era-4299","20.87552","-42.04843","40.846992","-19.920534","-38.331985","39.499447","12.165912","-30.223078","38.268486"
"era-4300","20.877907","-42.05306","40.851402","-19.921103","-38.333138","39.500618","12.166868","-30.224895","38.270218"
"era-4301","20.880302","-42.05769","40.855812","-19.921679","-38.3343","39.50178","12.167824","-30.226715","38.271954"
"era-4302","20.882698","-42.06233","40.860226","-19.92225","-38.335453","39.502956","12.16878","-30.22853","38.273685"
"era-4303","20.885094","-42.06696","40.86464","-19.922823","-38.33661","39.504124","12.169739","-30.230352","38.27542"
"era-4304","20.887487","-42.071594","40.869053","-19.923395","-38.33777","39.50529","12.170693","-30.232172","38.277157"
"era-4305","20.889874","-42.076233","40.873466","-19.92397","-38.338932","39.506462","12.171648","-30.233992","38.278893"
"era-4306","20.892265","-42.080864","40.877884","-19.924538","-38.340096","39.50763","12.172608","-30.235813","38.28063"
"era-4307","20.894653","-42.08549","40.882305","-19.925114","-38.34126","39.5088","12.173569","-30.237633","38.282368"
"era-4308","20.897045","-42.09013","40.88672","-19.925688","-38.342415","39.50997","12.174527","-30.239456","38.284103"
"era-4309","20.899433","-42.094765","40.891136","-19.926262","-38.34357","39.51114","12.175486","-30.241282","38.28584"
"era-4310","20.901823","-42.099392","40.89555","-19.926834","-38.344727","39.51231","12.176442","-30.243109","38.287575"
"era-4311","20.904217","-42.104023","40.899956","-19.927408","-38.34589","39.513477","12.177402","-30.244936","38.28931"
"era-4312","20.906607","-42.10865","40.90437","-19.92798","-38.347054","39.51465","12.178362","-30.246761","38.291042"
"era-4313","20.908997","-42.11329","40.908783","-19.928553","-38.34821","39.515823","12.179321","-30.248587","38.292778"
"era-4314","20.911386","-42.11792","40.9132","-19.929125","-38.34937","39.516987","12.180283","-30.250416","38.29451"
"era-4315","20.913776","-42.12255","40.917614","-19.929697","-38.350525","39.518154","12.181244","-30.252245","38.296238"
"era-4316","20.916166","-42.12718","40.92202","-19.930271","-38.35168","39.51932","12.182206","-30.254076","38.29797"
"era-4317","20.918554","-42.131805","40.92643","-19.930838","-38.352837","39.520493","12.183169","-30.255909","38.299698"
"era-4318","20.920946","-42.13644","40.930843","-19.93141","-38.353992","39.52166","12.184131","-30.257744","38.301426"
"era-4319","20.923336","-42.14107","40.935253","-19.931986","-38.355152","39.52283","12.185094","-30.259575","38.30316"
"era-4320","20.925724","-42.1457","40.939667","-19.932552","-38.356304","39.523994","12.186057","-30.261408","38.304897"
"era-4321","20.928114","-42.15033","40.944073","-19.933126","-38.35746","39.52516","12.187018","-30.263237","38.30663"
"era-4322","20.930506","-42.154964","40.94849","-19.933699","-38.358604","39.52633","12.187981","-30.265066","38.308365"
"era-4323","20.932894","-42.159588","40.9529","-19.934267","-38.359753","39.527496","12.18894","-30.266891","38.310093"
"era-4324","20.935284","-42.16422","40.957314","-19.934837","-38.360905","39.528656","12.189906","-30.268723","38.31182"
"era-4325","20.93767","-42.168846","40.961723","-19.935404","-38.362057","39.529823","12.19087","-30.270546","38.313553"
"era-4326","20.940058","-42.173473","40.966133","-19.935978","-38.363213","39.530987","12.191833","-30.272377","38.315285"
"era-4327","20.942442","-42.1781","40.970547","-19.936544","-38.36437","39.53215","12.192797","-30.274208","38.317013"
"era-4328","20.94483","-42.182716","40.974953","-19.937109","-38.365524","39.533306","12.193762","-30.276041","38.318745"
"era-4329","20.947216","-42.187347","40.979355","-19.937677","-38.366684","39.534473","12.194728","-30.27787","38.320473"
"era-4330","20.949604","-42.19197","40.98377","-19.938244","-38.367836","39.535633","12.195693","-30.279703","38.322197"
"era-4331","20.951992","-42.1966","40.98818","-19.938808","-38.368996","39.536797","12.196659","-30.281534","38.323925"
"era-4332","20.954378","-42.20122","40.99259","-19.939377","-38.37015","39.537956","12.197624","-30.283365","38.32565"
"era-4333","20.956764","-42.205845","40.997","-19.939949","-38.37131","39.539124","12.19859","-30.285196","38.327377"
"era-4334","20.95915","-42.21048","41.001415","-19.940521","-38.372463","39.54029","12.19956","-30.28703","38.3291"
"era-4335","20.96153","-42.215107","41.00583","-19.94109","-38.373627","39.54146","12.200527","-30.288858","38.330826"
"era-4336","20.963917","-42.219723","41.010242","-19.941656","-38.374783","39.542625","12.201495","-30.290691","38.33255"
"era-4337","20.966293","-42.224346","41.014656","-19.942232","-38.37594","39.543793","12.202464","-30.292528","38.334274"
"era-4338","20.968674","-42.22897","41.01907","-19.942799","-38.377087","39.544956","12.203433","-30.294361","38.335995"
"era-4339","20.97105","-42.233593","41.023487","-19.943367","-38.378242","39.54612","12.204402","-30.296192","38.337723"
"era-4340","20.97343","-42.238213","41.027897","-19.943935","-38.379402","39.547287","12.20537","-30.298025","38.339447"
"era-4341","20.975817","-42.242825","41.032314","-19.944504","-38.38055","39.54845","12.206338","-30.299858","38.34118"
"era-4342","20.978197","-42.24746","41.03672","-19.945074","-38.3817","39.549618","12.207305","-30.301697","38.342907"
"era-4343","20.98058","-42.25208","41.041134","-19.945642","-38.38285","39.55078","12.208275","-30.303534","38.344643"
"era-4344","20.982965","-42.256706","41.045555","-19.946213","-38.384007","39.55195","12.209244","-30.305372","38.346375"
"era-4345","20.98535","-42.26133","41.049976","-19.94678","-38.38516","39.553112","12.210216","-30.30721","38.348106"
"era-4346","20.987728","-42.265953","41.054386","-19.94735","-38.38631","39.55428","12.211183","-30.309046","38.34984"
"era-4347","20.990114","-42.270584","41.05881","-19.947918","-38.387463","39.55544","12.21215","-30.310886","38.351566"
"era-4348","20.992493","-42.275204","41.063225","-19.948484","-38.388615","39.556602","12.2131195","-30.312717","38.353294"
"era-4349","20.994873","-42.27982","41.06764","-19.94905","-38.38977","39.557766","12.214089","-30.314552","38.355026"
"era-4350","20.997246","-42.28444","41.072052","-19.949615","-38.390926","39.55893","12.215062","-30.316393","38.35675"
"era-4351","20.999628","-42.289062","41.07647","-19.950182","-38.392082","39.56009","12.21603","-30.31823","38.358475"
"era-4352","21.002007","-42.293686","41.08089","-19.950747","-38.393238","39.56125","12.216999","-30.32007","38.3602"
"era-4353","21.00439","-42.298306","41.085304","-19.951311","-38.394386","39.562405","12.21797","-30.321909","38.36192"
"era-4354","21.00677","-42.302925","41.089718","-19.951878","-38.395527","39.563564","12.21894","-30.323748","38.363647"
"era-4355","21.009146","-42.30755","41.094143","-19.95244","-38.39668","39.564724","12.219908","-30.325583","38.36537"
"era-4356","21.011524","-42.312176","41.09856","-19.953007","-38.397823","39.565887","12.22088","-30.327423","38.367096"
"era-4357","21.013908","-42.316795","41.10298","-19.953577","-38.39897","39.567043","12.221848","-30.329266","38.36882"
"era-4358","21.016289","-42.321423","41.107388","-19.954142","-38.40012","39.568203","12.222816","-30.331102","38.370544"
"era-4359","21.018673","-42.32604","41.1118","-19.954706","-38.40127","39.569363","12.223786","-30.332937","38.37227"
"era-4360","21.021053","-42.33066","41.116207","-19.955276","-38.402424","39.57053","12.224754","-30.33477","38.374"
"era-4361","21.023434","-42.335285","41.120617","-19.955845","-38.403572","39.571693","12.225721","-30.336605","38.37573"
"era-4362","21.02582","-42.339905","41.12503","-19.95641","-38.404724","39.572853","12.226691","-30.338442","38.377457"
"era-4363","21.028198","-42.34453","41.12944","-19.956976","-38.405876","39.574013","12.227664","-30.340275","38.379185"
"era-4364","21.030577","-42.34915","41.133858","-19.95754","-38.40703","39.575176","12.228637","-30.342108","38.380913"
"era-4365","21.032963","-42.35378","41.13827","-19.958109","-38.40818","39.57634","12.229607","-30.343948","38.382637"
"era-4366","21.03534","-42.358395","41.14269","-19.958673","-38.40933","39.577496","12.230574","-30.345783","38.38437"
"era-4367","21.037716","-42.363014","41.147095","-19.959234","-38.41048","39.578655","12.231544","-30.347622","38.386097"
"era-4368","21.040096","-42.367626","41.15151","-19.959803","-38.411636","39.57982","12.232515","-30.349459","38.387825"
"era-4369","21.04247","-42.372246","41.155926","-19.96037","-38.412792","39.580975","12.233491","-30.351295","38.389553"
"era-4370","21.044844","-42.37686","41.160347","-19.960934","-38.413944","39.582138","12.2344675","-30.353142","38.391277"
"era-4371","21.047218","-42.38148","41.164764","-19.961494","-38.415092","39.583294","12.235441","-30.354982","38.393005"
"era-4372","21.0496","-42.3861","41.169186","-19.962057","-38.41625","39.584454","12.236416","-30.356825","38.39473"
"era-4373","21.05198","-42.39073","41.1736","-19.962624","-38.417397","39.58562","12.237388","-30.358662","38.396454"
"era-4374","21.054363","-42.395348","41.178024","-19.96319","-38.41854","39.58678","12.238361","-30.360498","38.39818"
"era-4375","21.056742","-42.399967","41.182434","-19.963755","-38.419693","39.58794","12.239331","-30.362333","38.399906"
"era-4376","21.059128","-42.40459","41.186848","-19.964325","-38.42084","39.5891","12.240303","-30.364172","38.40163"
"era-4377","21.061506","-42.409218","41.191265","-19.964888","-38.421986","39.590263","12.241277","-30.366016","38.40336"
"era-4378","21.063885","-42.413837","41.19568","-19.965456","-38.42313","39.591423","12.2422495","-30.367859","38.405083"
"era-4379","21.066261","-42.41846","41.200096","-19.96602","-38.424274","39.59258","12.243223","-30.3697","38.40681"
"era-4380","21.06864","-42.423077","41.204514","-19.966589","-38.42542","39.593742","12.244197","-30.371542","38.40854"
"era-4381","21.071016","-42.4277","41.208935","-19.967152","-38.426563","39.5949","12.245171","-30.373383","38.410263"
"era-4382","21.073393","-42.432323","41.213345","-19.967714","-38.4277","39.596058","12.246143","-30.375227","38.411983"
"era-4383","21.075775","-42.43694","41.217762","-19.968277","-38.428844","39.597218","12.247117","-30.377071","38.413704"
"era-4384","21.07815","-42.441563","41.22218","-19.968843","-38.429993","39.598377","12.248089","-30.378918","38.41542"
"era-4385","21.080524","-42.446182","41.2266","-19.96941","-38.431145","39.59954","12.249062","-30.380762","38.417137"
"era-4386","21.082901","-42.450798","41.231018","-19.969975","-38.43229","39.6007","12.250034","-30.382612","38.418854"
"era-4387","21.085278","-42.455418","41.235435","-19.97054","-38.433437","39.601864","12.25101","-30.384457","38.42057"
"era-4388","21.087654","-42.460037","41.239853","-19.971106","-38.43459","39.60302","12.2519865","-30.386297","38.422283"
"era-4389","21.090029","-42.464657","41.24427","-19.971664","-38.43574","39.60418","12.252959","-30.38814","38.424004"
"era-4390","21.092411","-42.469276","41.248688","-19.972233","-38.43689","39.60534","12.25393","-30.389978","38.42572"
"era-4391","21.094786","-42.4739","41.2531","-19.972794","-38.43803","39.6065","12.254909","-30.391829","38.427444"
"era-4392","21.097166","-42.47852","41.25753","-19.97336","-38.43918","39.60766","12.255886","-30.393667","38.42917"
"era-4393","21.09954","-42.483143","41.26195","-19.973923","-38.44032","39.608818","12.256859","-30.395508","38.430893"
"era-4394","21.101917","-42.48776","41.266373","-19.97449","-38.441463","39.609974","12.25783","-30.397348","38.432613"
"era-4395","21.104292","-42.492382","41.270794","-19.975052","-38.442608","39.611126","12.258805","-30.39919","38.434338"
"era-4396","21.106665","-42.497","41.275223","-19.975615","-38.443752","39.612286","12.25978","-30.401037","38.436058"
"era-4397","21.109034","-42.50162","41.279648","-19.976177","-38.444897","39.613445","12.260754","-30.402884","38.437782"
"era-4398","21.111406","-42.50624","41.284077","-19.97674","-38.44604","39.614605","12.26173","-30.404724","38.439507"
"era-4399","21.113777","-42.510864","41.288506","-19.977303","-38.44719","39.615757","12.262702","-30.406569","38.44123"
"era-4400","21.11615","-42.51548","41.292934","-19.977858","-38.448334","39.61692","12.263676","-30.408419","38.442955"
"era-4401","21.118523","-42.5201","41.297363","-19.978422","-38.449474","39.618073","12.264647","-30.410263","38.444687"
"era-4402","21.120901","-42.524723","41.301785","-19.978985","-38.450615","39.619232","12.265617","-30.41211","38.446415"
"era-4403","21.12328","-42.529343","41.306202","-19.979551","-38.45176","39.62039","12.266589","-30.413958","38.448147"
"era-4404","21.12566","-42.533966","41.310623","-19.98011","-38.452904","39.621548","12.26756","-30.415802","38.449875"
"era-4405","21.128033","-42.538593","41.315056","-19.980673","-38.454056","39.622696","12.268532","-30.417646","38.4516"
"era-4406","21.130411","-42.543213","41.31949","-19.981234","-38.455204","39.623856","12.269506","-30.419489","38.453327"
"era-4407","21.132782","-42.54784","41.323917","-19.981794","-38.456345","39.62501","12.27048","-30.421333","38.45505"
"era-4408","21.135155","-42.552467","41.328354","-19.982353","-38.457485","39.626167","12.271453","-30.423183","38.456776"
"era-4409","21.137527","-42.55709","41.33279","-19.982912","-38.45863","39.627316","12.272427","-30.425022","38.4585"
"era-4410","21.139902","-42.561714","41.337223","-19.98347","-38.45977","39.628475","12.273398","-30.426863","38.460224"
"era-4411","21.142275","-42.566338","41.341656","-19.984037","-38.46092","39.629627","12.274369","-30.428705","38.461945"
"era-4412","21.144657","-42.57097","41.346085","-19.984598","-38.46206","39.630787","12.275342","-30.43055","38.46367"
"era-4413","21.147034","-42.575596","41.350517","-19.98516","-38.463203","39.63194","12.276312","-30.432392","38.465385"
"era-4414","21.149414","-42.58022","41.354954","-19.985722","-38.464344","39.633095","12.277284","-30.434237","38.467106"
"era-4415","21.151789","-42.584854","41.359383","-19.986275","-38.46548","39.634247","12.278256","-30.436087","38.468822"
"era-4416","21.154165","-42.589474","41.363823","-19.986835","-38.46663","39.6354","12.27923","-30.43793","38.47054"
"era-4417","21.15654","-42.594105","41.36825","-19.987394","-38.467773","39.636555","12.280203","-30.439774","38.472256"
"era-4418","21.158916","-42.598724","41.37269","-19.987955","-38.468918","39.637714","12.2811775","-30.441618","38.473972"
"era-4419","21.161295","-42.603355","41.37712","-19.988516","-38.47006","39.638866","12.282146","-30.44346","38.475685"
"era-4420","21.16367","-42.607983","41.38155","-19.989075","-38.471195","39.64002","12.283117","-30.4453","38.477406"
"era-4421","21.166046","-42.612602","41.385986","-19.989634","-38.472343","39.641174","12.284089","-30.447144","38.479122"
"era-4422","21.168413","-42.617233","41.390423","-19.990196","-38.47349","39.64233","12.285064","-30.448984","38.48084"
"era-4423","21.170786","-42.621853","41.394867","-19.990759","-38.474636","39.64349","12.2860365","-30.45083","38.482555"
"era-4424","21.173159","-42.626484","41.399296","-19.99132","-38.475777","39.644653","12.287007","-30.452677","38.484272"
"era-4425","21.17553","-42.631104","41.403732","-19.99188","-38.47692","39.645813","12.28798","-30.454523","38.485992"
"era-4426","21.177902","-42.635723","41.408173","-19.99244","-38.478073","39.64697","12.288954","-30.456371","38.48771"
"era-4427","21.18027","-42.64035","41.4126","-19.993004","-38.479218","39.648125","12.2899275","-30.458214","38.489426"
"era-4428","21.182648","-42.644966","41.41704","-19.99356","-38.480354","39.64928","12.2909","-30.460054","38.491142"
"era-4429","21.185015","-42.649597","41.421467","-19.99412","-38.481495","39.65043","12.291873","-30.461905","38.49286"
"era-4430","21.187382","-42.654217","41.425907","-19.99468","-38.48263","39.65158","12.29285","-30.46375","38.49457"
"era-4431","21.189749","-42.658833","41.430344","-19.995237","-38.48377","39.652737","12.293825","-30.465593","38.496277"
"era-4432","21.192127","-42.663452","41.434788","-19.995798","-38.48491","39.653893","12.294797","-30.467438","38.49799"
"era-4433","21.194498","-42.668083","41.439224","-19.99636","-38.486053","39.655045","12.29577","-30.469282","38.4997"
"era-4434","21.196865","-42.672707","41.44366","-19.996922","-38.48719","39.656204","12.296745","-30.471125","38.501415"
"era-4435","21.19924","-42.67733","41.448105","-19.99748","-38.488323","39.657352","12.297719","-30.472965","38.503128"
"era-4436","21.201614","-42.681957","41.45255","-19.99804","-38.48946","39.6585","12.298692","-30.474812","38.50484"
"era-4437","21.203987","-42.686584","41.45699","-19.998596","-38.490597","39.659657","12.2996645","-30.476656","38.506554"
"era-4438","21.206354","-42.691204","41.46143","-19.999155","-38.491734","39.660812","12.300638","-30.4785","38.50827"
"era-4439","21.208721","-42.695835","41.46587","-19.999716","-38.492878","39.661964","12.30161","-30.480345","38.509983"
"era-4440","21.211096","-42.700455","41.470318","-20.000265","-38.49401","39.663113","12.302582","-30.482185","38.5117"
"era-4441","21.213465","-42.705082","41.474754","-20.000826","-38.49515","39.66426","12.3035555","-30.484028","38.513412"
"era-4442","21.215832","-42.7097","41.47919","-20.00138","-38.496284","39.665413","12.304528","-30.485874","38.515125"
"era-4443","21.218203","-42.71432","41.483635","-20.001936","-38.497425","39.666565","12.305501","-30.48772","38.516838"
"era-4444","21.220573","-42.71895","41.488075","-20.002495","-38.498566","39.667717","12.306476","-30.489565","38.518547"
"era-4445","21.222944","-42.72358","41.492523","-20.003054","-38.499702","39.66886","12.307446","-30.491407","38.520256"
"era-4446","21.225315","-42.728203","41.49698","-20.003609","-38.50084","39.670013","12.308421","-30.493252","38.521965"
"era-4447","21.227684","-42.732826","41.501423","-20.004166","-38.501972","39.67116","12.309394","-30.495098","38.52367"
"era-4448","21.230057","-42.737457","41.505863","-20.004723","-38.50311","39.67231","12.310368","-30.49694","38.52538"
"era-4449","21.232433","-42.74209","41.510303","-20.005278","-38.504246","39.673462","12.311339","-30.498785","38.527084"
"era-4450","21.234808","-42.74671","41.514748","-20.005835","-38.505375","39.674606","12.312312","-30.500633","38.528793"
"era-4451","21.23718","-42.751343","41.51919","-20.00639","-38.506508","39.67575","12.313284","-30.502476","38.530506"
"era-4452","21.239553","-42.755978","41.523636","-20.006943","-38.50764","39.676903","12.314253","-30.504314","38.53222"
"era-4453","21.24193","-42.760605","41.528076","-20.007498","-38.508785","39.678047","12.315223","-30.506155","38.53393"
"era-4454","21.244307","-42.765236","41.532516","-20.008049","-38.509922","39.679203","12.316194","-30.507992","38.535645"
"era-4455","21.246675","-42.769863","41.536957","-20.00861","-38.51106","39.680355","12.317165","-30.509836","38.537354"
"era-4456","21.249052","-42.774487","41.541405","-20.009167","-38.512196","39.681507","12.318133","-30.51168","38.539066"
"era-4457","21.251425","-42.77912","41.545845","-20.00973","-38.513332","39.68266","12.319103","-30.513527","38.54078"
"era-4458","21.253796","-42.78375","41.55029","-20.010283","-38.51446","39.683807","12.320073","-30.51537","38.542492"
"era-4459","21.256172","-42.78838","41.554733","-20.010843","-38.5156","39.684956","12.321042","-30.517212","38.544205"
"era-4460","21.258545","-42.793007","41.559185","-20.011396","-38.516727","39.68611","12.322013","-30.519056","38.545918"
"era-4461","21.260912","-42.797638","41.563637","-20.011953","-38.517864","39.68726","12.322982","-30.520895","38.54763"
"era-4462","21.263285","-42.802265","41.56809","-20.012508","-38.518997","39.68841","12.32395","-30.522741","38.549343"
"era-4463","21.265657","-42.806904","41.572536","-20.013063","-38.520126","39.689556","12.324918","-30.524591","38.551052"
"era-4464","21.268024","-42.811527","41.57698","-20.013618","-38.52126","39.690704","12.325891","-30.526434","38.552765"
"era-4465","21.270397","-42.81615","41.58143","-20.014174","-38.522396","39.69185","12.326859","-30.528275","38.554478"
"era-4466","21.272766","-42.82078","41.585873","-20.014729","-38.523537","39.693","12.3278265","-30.530115","38.55619"
"era-4467","21.275137","-42.82541","41.590324","-20.015287","-38.52467","39.694153","12.3287945","-30.531958","38.5579"
"era-4468","21.277502","-42.830044","41.594776","-20.015844","-38.525803","39.695305","12.329763","-30.533796","38.55961"
"era-4469","21.279875","-42.83467","41.599236","-20.0164","-38.52694","39.696457","12.33073","-30.53564","38.561314"
"era-4470","21.282248","-42.839294","41.603687","-20.016958","-38.528084","39.697605","12.3316965","-30.537483","38.563026"
"era-4471","21.284615","-42.843925","41.608135","-20.017511","-38.52922","39.698757","12.332664","-30.539322","38.564735"
"era-4472","21.286985","-42.84855","41.61258","-20.018068","-38.53036","39.699917","12.333629","-30.541162","38.56644"
"era-4473","21.289352","-42.85318","41.617023","-20.018625","-38.5315","39.701073","12.334594","-30.543003","38.56815"
"era-4474","21.291725","-42.857807","41.621475","-20.019178","-38.53264","39.70222","12.335561","-30.544846","38.56986"
"era-4475","21.2941","-42.86244","41.625927","-20.01973","-38.533775","39.70337","12.336527","-30.54669","38.571568"
"era-4476","21.29647","-42.86707","41.63037","-20.020283","-38.53491","39.70451","12.337493","-30.548534","38.573277"
"era-4477","21.298836","-42.871696","41.634808","-20.020836","-38.53604","39.705658","12.33846","-30.550377","38.574986"
"era-4478","21.301208","-42.876328","41.639263","-20.021387","-38.537174","39.706802","12.339424","-30.552225","38.576694"
"era-4479","21.30358","-42.880955","41.643715","-20.02194","-38.538307","39.707954","12.340389","-30.554066","38.578403"
"era-4480","21.30595","-42.885582","41.648163","-20.022491","-38.53944","39.709103","12.341354","-30.555902","38.580105"
"era-4481","21.308317","-42.89021","41.65262","-20.023046","-38.54057","39.710247","12.3423195","-30.557741","38.58181"
"era-4482","21.310682","-42.89484","41.657074","-20.023603","-38.541702","39.7114","12.343284","-30.559578","38.58352"
"era-4483","21.313051","-42.899464","41.661533","-20.02416","-38.542835","39.712547","12.344248","-30.561417","38.585228"
"era-4484","21.315418","-42.9041","41.666","-20.024714","-38.54397","39.7137","12.345211","-30.563253","38.586937"
"era-4485","21.317791","-42.908733","41.67046","-20.025272","-38.545097","39.71485","12.346173","-30.56509","38.588646"
"era-4486","21.320158","-42.91337","41.67492","-20.025826","-38.546223","39.716003","12.347138","-30.56693","38.59035"
"era-4487","21.322533","-42.918003","41.67938","-20.02638","-38.547356","39.717148","12.348101","-30.56876","38.59206"
"era-4488","21.324902","-42.922638","41.683846","-20.026934","-38.54849","39.71829","12.349061","-30.570595","38.59377"
"era-4489","21.327276","-42.927277","41.68831","-20.027487","-38.54962","39.719437","12.350024","-30.572432","38.595478"
"era-4490","21.329647","-42.93191","41.69277","-20.028042","-38.55075","39.720585","12.3509865","-30.57427","38.597187"
"era-4491","21.332022","-42.936558","41.69723","-20.028593","-38.55188","39.72173","12.351949","-30.576107","38.5989"
"era-4492","21.334389","-42.941196","41.7017","-20.029144","-38.553005","39.722874","12.35291","-30.577948","38.60061"
"era-4493","21.336761","-42.945824","41.70616","-20.029696","-38.55413","39.72402","12.353871","-30.579788","38.60232"
"era-4494","21.33913","-42.95046","41.71062","-20.030247","-38.55526","39.72516","12.354834","-30.58163","38.60403"
"era-4495","21.3415","-42.955097","41.715084","-20.030794","-38.55639","39.726303","12.355796","-30.583473","38.605743"
"era-4496","21.343866","-42.95973","41.719547","-20.031351","-38.557514","39.727448","12.356758","-30.585318","38.607452"
"era-4497","21.346237","-42.964367","41.72402","-20.031898","-38.55863","39.72859","12.357719","-30.587162","38.609165"
"era-4498","21.34861","-42.969","41.728477","-20.032454","-38.559753","39.72973","12.35868","-30.589","38.610878"
"era-4499","21.350979","-42.973637","41.732937","-20.033005","-38.560883","39.730877","12.359642","-30.590843","38.61259"
"era-4500","21.353352","-42.978275","41.737396","-20.033556","-38.56201","39.732018","12.360605","-30.592686","38.6143"
"era-4501","21.355722","-42.982906","41.741863","-20.034103","-38.563145","39.733162","12.361568","-30.59453","38.616016"
"era-4502","21.358093","-42.98755","41.746326","-20.034653","-38.564274","39.734303","12.36253","-30.596365","38.61773"
"era-4503","21.360468","-42.992184","41.750797","-20.035202","-38.5654","39.735443","12.363493","-30.598207","38.619442"
"era-4504","21.362839","-42.996822","41.75526","-20.03575","-38.56653","39.73658","12.364454","-30.600046","38.621155"
"era-4505","21.365213","-43.001457","41.75972","-20.036303","-38.56765","39.737724","12.365416","-30.601883","38.622868"
"era-4506","21.367584","-43.0061","41.764183","-20.036852","-38.56878","39.73887","12.366376","-30.603716","38.624577"
"era-4507","21.369955","-43.010742","41.768658","-20.037407","-38.56991","39.740013","12.367337","-30.605549","38.62629"
"era-4508","21.372328","-43.01538","41.77313","-20.03796","-38.571033","39.741158","12.368299","-30.607384","38.628"
"era-4509","21.374702","-43.020027","41.777588","-20.038511","-38.572155","39.7423","12.369261","-30.60922","38.62971"
"era-4510","21.377083","-43.024666","41.782055","-20.039059","-38.57328","39.743443","12.370219","-30.611052","38.63142"
"era-4511","21.379457","-43.029312","41.786522","-20.03961","-38.574406","39.74458","12.37118","-30.612886","38.633133"
"era-4512","21.381834","-43.03396","41.79099","-20.04016","-38.575527","39.745724","12.372139","-30.614721","38.634842"
"era-4513","21.384207","-43.038597","41.79546","-20.040712","-38.57665","39.74686","12.373098","-30.616558","38.636547"
"era-4514","21.386583","-43.043247","41.79993","-20.041254","-38.57777","39.748","12.374057","-30.618395","38.63825"
"era-4515","21.388956","-43.047897","41.80441","-20.041801","-38.5789","39.749138","12.375017","-30.620232","38.63995"
"era-4516","21.39133","-43.05254","41.808884","-20.042356","-38.58002","39.750282","12.375975","-30.62207","38.641647"
"era-4517","21.393705","-43.057182","41.813362","-20.042904","-38.581146","39.751427","12.376934","-30.623903","38.64335"
"era-4518","21.396078","-43.061825","41.817837","-20.043453","-38.582275","39.752567","12.37789","-30.625738","38.645046"
"era-4519","21.398457","-43.066475","41.822308","-20.043999","-38.583405","39.753708","12.378848","-30.627571","38.646748"
"era-4520","21.400831","-43.071125","41.82678","-20.044546","-38.584538","39.754852","12.379806","-30.629402","38.648453"
"era-4521","21.40321","-43.07577","41.831253","-20.045095","-38.58567","39.755997","12.380761","-30.631239","38.65015"
"era-4522","21.405579","-43.080414","41.83573","-20.04564","-38.586796","39.757133","12.381716","-30.633074","38.65185"
"era-4523","21.407946","-43.085052","41.840206","-20.046192","-38.587917","39.758278","12.382669","-30.634909","38.65355"
"era-4524","21.410318","-43.0897","41.844685","-20.046743","-38.589046","39.75942","12.383626","-30.636744","38.65525"
"era-4525","21.412695","-43.09435","41.849167","-20.047289","-38.59017","39.760567","12.3845825","-30.638578","38.656948"
"era-4526","21.415071","-43.099","41.853645","-20.047834","-38.591305","39.761707","12.385539","-30.640417","38.658646"
"era-4527","21.417456","-43.10365","41.858124","-20.048384","-38.592434","39.76285","12.386493","-30.642252","38.66034"
"era-4528","21.419834","-43.1083","41.8626","-20.048939","-38.593555","39.763996","12.387444","-30.644087","38.66204"
"era-4529","21.422209","-43.11295","41.867065","-20.04948","-38.59468","39.76514","12.388395","-30.645924","38.66374"
"era-4530","21.424591","-43.1176","41.87154","-20.050034","-38.595806","39.76628","12.389347","-30.647758","38.665443"
"era-4531","21.426977","-43.122253","41.876007","-20.050581","-38.596924","39.767426","12.390298","-30.6496","38.66715"
"era-4532","21.429358","-43.12691","41.880466","-20.05113","-38.598045","39.768562","12.3912525","-30.651438","38.66885"
"era-4533","21.43174","-43.13156","41.884945","-20.051676","-38.59917","39.769695","12.392202","-30.653276","38.670563"
"era-4534","21.434122","-43.136215","41.889416","-20.05222","-38.600296","39.77084","12.393153","-30.65512","38.672276"
"era-4535","21.436508","-43.140877","41.893887","-20.052767","-38.601418","39.771976","12.394105","-30.656963","38.673985"
"era-4536","21.438889","-43.145535","41.898357","-20.05331","-38.602535","39.77311","12.395058","-30.658804","38.675694"
"era-4537","21.441273","-43.15018","41.902832","-20.053856","-38.603657","39.77425","12.3960085","-30.660643","38.6774"
"era-4538","21.443645","-43.15483","41.9073","-20.054401","-38.604782","39.775387","12.396961","-30.66248","38.679104"
"era-4539","21.44603","-43.15948","41.91177","-20.054941","-38.605904","39.77652","12.397915","-30.66432","38.680813"
"era-4540","21.448412","-43.16414","41.91624","-20.055494","-38.607018","39.77766","12.398868","-30.66616","38.682514"
"era-4541","21.450796","-43.168797","41.920715","-20.056034","-38.608135","39.778805","12.399821","-30.668001","38.684223"
"era-4542","21.453175","-43.17345","41.925182","-20.056587","-38.609253","39.77994","12.400778","-30.669838","38.68593"
"era-4543","21.455559","-43.1781","41.92965","-20.057137","-38.610374","39.78108","12.40173","-30.671677","38.687634"
"era-4544","21.45794","-43.182755","41.934116","-20.057688","-38.611496","39.782227","12.402682","-30.673517","38.68934"
"era-4545","21.460323","-43.18741","41.93859","-20.058235","-38.61262","39.783367","12.403635","-30.675358","38.691044"
"era-4546","21.462704","-43.192062","41.943058","-20.058783","-38.613743","39.784508","12.40459","-30.677195","38.69275"
"era-4547","21.465086","-43.196716","41.947533","-20.059326","-38.61487","39.78565","12.40554","-30.679031","38.694458"
"era-4548","21.467466","-43.20137","41.95201","-20.059875","-38.61599","39.786785","12.406491","-30.68086","38.696163"
"era-4549","21.469845","-43.206024","41.956486","-20.06042","-38.617107","39.787918","12.407442","-30.682695","38.69787"
"era-4550","21.472223","-43.210674","41.960964","-20.060957","-38.618225","39.78906","12.408394","-30.68453","38.69957"
"era-4551","21.474602","-43.215332","41.965443","-20.061506","-38.619343","39.79019","12.409342","-30.686367","38.701275"
"era-4552","21.476984","-43.21999","41.969917","-20.06205","-38.62046","39.79133","12.410292","-30.688204","38.702976"
"era-4553","21.479362","-43.22464","41.9744","-20.062592","-38.621586","39.79247","12.411241","-30.690035","38.704678"
"era-4554","21.481745","-43.229298","41.978874","-20.063137","-38.62271","39.793602","12.4121895","-30.691868","38.706383"
"era-4555","21.484123","-43.23395","41.983345","-20.063683","-38.623837","39.794743","12.41314","-30.6937","38.708088"
"era-4556","21.486507","-43.238605","41.98782","-20.064224","-38.62496","39.795883","12.414087","-30.695538","38.709793"
"era-4557","21.488888","-43.24327","41.992287","-20.064768","-38.626087","39.79702","12.415039","-30.697376","38.711502"
"era-4558","21.491278","-43.24792","41.99676","-20.065317","-38.627213","39.798153","12.415989","-30.699213","38.713207"
"era-4559","21.49366","-43.25258","42.00123","-20.065857","-38.628326","39.79929","12.416941","-30.701046","38.714912"
"era-4560","21.496044","-43.257236","42.005695","-20.066402","-38.629444","39.80043","12.417889","-30.702877","38.71662"
"era-4561","21.498432","-43.261894","42.010162","-20.066948","-38.630558","39.80157","12.418838","-30.704712","38.718327"
"era-4562","21.500824","-43.266556","42.01463","-20.067497","-38.63168","39.802708","12.419787","-30.70655","38.720036"
"era-4563","21.503214","-43.27122","42.019096","-20.068039","-38.6328","39.80385","12.420735","-30.708384","38.721737"
"era-4564","21.505596","-43.27588","42.023567","-20.068583","-38.633926","39.804977","12.421684","-30.71022","38.72344"
"era-4565","21.507977","-43.280533","42.02804","-20.069124","-38.635044","39.806118","12.422635","-30.712051","38.72514"
"era-4566","21.51036","-43.28519","42.032524","-20.06967","-38.636166","39.807255","12.423589","-30.713882","38.72684"
"era-4567","21.512745","-43.289856","42.037","-20.070215","-38.637287","39.808395","12.42454","-30.715715","38.72854"
"era-4568","21.515139","-43.294514","42.041473","-20.070763","-38.638405","39.80953","12.42549","-30.717546","38.73024"
"era-4569","21.51753","-43.299183","42.04594","-20.071314","-38.639523","39.810673","12.426442","-30.719378","38.731937"
"era-4570","21.51992","-43.303837","42.050407","-20.071857","-38.640633","39.811813","12.427394","-30.721209","38.73364"
"era-4571","21.522303","-43.308495","42.05487","-20.072403","-38.64175","39.812954","12.428348","-30.723043","38.73534"
"era-4572","21.524689","-43.313152","42.05934","-20.07295","-38.642864","39.814083","12.429299","-30.724878","38.737038"
"era-4573","21.527079","-43.317818","42.063816","-20.073492","-38.643982","39.815216","12.430249","-30.726713","38.73874"
"era-4574","21.52946","-43.32248","42.06829","-20.07403","-38.6451","39.816353","12.431198","-30.728554","38.74044"
"era-4575","21.53185","-43.327145","42.072765","-20.074572","-38.646217","39.81748","12.432149","-30.730389","38.74215"
"era-4576","21.534231","-43.3318","42.07724","-20.075113","-38.64734","39.818615","12.433102","-30.732224","38.743855"
"era-4577","21.536615","-43.33646","42.081715","-20.075659","-38.64846","39.819756","12.4340515","-30.73406","38.74556"
"era-4578","21.539003","-43.34112","42.086193","-20.076204","-38.649582","39.820896","12.435","-30.735897","38.747265"
"era-4579","21.541393","-43.34579","42.090668","-20.076754","-38.6507","39.82203","12.435952","-30.737732","38.74897"
"era-4580","21.543781","-43.350452","42.095146","-20.077291","-38.651825","39.823174","12.436904","-30.739567","38.75067"
"era-4581","21.546167","-43.35511","42.099613","-20.077835","-38.652946","39.824314","12.437856","-30.7414","38.752377"
"era-4582","21.548552","-43.359768","42.104084","-20.078386","-38.65407","39.825455","12.4388075","-30.743233","38.754078"
"era-4583","21.550938","-43.364426","42.10856","-20.078934","-38.655197","39.82659","12.439758","-30.745068","38.755783"
"era-4584","21.553328","-43.369095","42.113026","-20.079477","-38.656322","39.827732","12.440706","-30.746902","38.757492"
"era-4585","21.555717","-43.37376","42.1175","-20.08002","-38.657444","39.828873","12.441655","-30.748743","38.759197"
"era-4586","21.558102","-43.378426","42.12198","-20.080566","-38.658566","39.830013","12.442607","-30.750578","38.760906"
"era-4587","21.560492","-43.383083","42.126457","-20.081108","-38.659683","39.831146","12.44356","-30.752413","38.76261"
"era-4588","21.562876","-43.387745","42.130928","-20.081652","-38.6608","39.83227","12.444511","-30.754248","38.764317"
"era-4589","21.56527","-43.392414","42.135403","-20.082186","-38.66192","39.833412","12.445458","-30.756079","38.76602"
"era-4590","21.567663","-43.397083","42.139877","-20.082731","-38.663036","39.83455","12.446405","-30.757917","38.76773"
"era-4591","21.570053","-43.401752","42.144356","-20.083271","-38.664158","39.835682","12.447354","-30.759754","38.76944"
"era-4592","21.572443","-43.40641","42.148827","-20.083817","-38.665276","39.836823","12.448304","-30.76159","38.77115"
"era-4593","21.574827","-43.411068","42.153297","-20.084364","-38.666386","39.837955","12.449254","-30.763426","38.772858"
"era-4594","21.577215","-43.41573","42.157753","-20.084911","-38.6675","39.839092","12.450203","-30.765265","38.774567"
"era-4595","21.579609","-43.420395","42.162216","-20.085447","-38.668602","39.840225","12.451152","-30.767097","38.77627"
"era-4596","21.582","-43.42506","42.166676","-20.08599","-38.669716","39.84136","12.452098","-30.768938","38.77798"
"era-4597","21.584387","-43.429718","42.171143","-20.086533","-38.67083","39.84249","12.453047","-30.770775","38.779686"
"era-4598","21.586779","-43.434372","42.17561","-20.087076","-38.671936","39.84362","12.453997","-30.772612","38.78139"
"era-4599","21.589165","-43.43903","42.180065","-20.087612","-38.67305","39.844753","12.454948","-30.774448","38.783096"
"era-4600","21.591558","-43.443687","42.184525","-20.088156","-38.674164","39.845882","12.455899","-30.776283","38.7848"
"era-4601","21.59394","-43.448357","42.188988","-20.088697","-38.675274","39.847015","12.45685","-30.778116","38.786507"
"era-4602","21.596334","-43.453014","42.19346","-20.089241","-38.676384","39.848156","12.457799","-30.77995","38.78821"
"era-4603","21.59872","-43.45768","42.197918","-20.089788","-38.677498","39.849293","12.458749","-30.781786","38.789917"
"era-4604","21.601112","-43.462334","42.202377","-20.090326","-38.678616","39.850426","12.459701","-30.783619","38.791622"
"era-4605","21.603502","-43.467","42.206833","-20.090874","-38.679733","39.851562","12.460652","-30.785454","38.79333"
"era-4606","21.60589","-43.471657","42.2113","-20.09141","-38.680855","39.852695","12.461604","-30.787289","38.795036"
"era-4607","21.608282","-43.476326","42.21576","-20.091951","-38.681973","39.85382","12.462556","-30.789124","38.796745"
"era-4608","21.610678","-43.48099","42.220222","-20.092495","-38.68309","39.85496","12.463506","-30.790962","38.798454"
"era-4609","21.613068","-43.485653","42.224678","-20.093039","-38.684204","39.856102","12.464456","-30.792797","38.800163"
"era-4610","21.615458","-43.49031","42.22914","-20.093584","-38.68532","39.857235","12.465403","-30.794632","38.801865"
"era-4611","21.617851","-43.494976","42.233604","-20.09412","-38.686436","39.85837","12.4663515","-30.796461","38.803566"
"era-4612","21.620245","-43.499634","42.238068","-20.094662","-38.68755","39.8595","12.467301","-30.798298","38.805267"
"era-4613","21.622635","-43.504303","42.24252","-20.095201","-38.688663","39.860634","12.468252","-30.800135","38.80697"
"era-4614","21.62503","-43.50897","42.246983","-20.095743","-38.689777","39.861763","12.469203","-30.801971","38.80867"
"era-4615","21.62742","-43.51363","42.251446","-20.096281","-38.69089","39.8629","12.470151","-30.803808","38.810375"
"era-4616","21.629814","-43.51829","42.255905","-20.09682","-38.692013","39.864033","12.471102","-30.805647","38.81208"
"era-4617","21.632208","-43.522957","42.260365","-20.097363","-38.693127","39.86516","12.472055","-30.807487","38.813786"
"era-4618","21.634605","-43.52762","42.26482","-20.097897","-38.69424","39.866295","12.47301","-30.809332","38.81549"
"era-4619","21.637007","-43.53229","42.269268","-20.09844","-38.695354","39.867428","12.473964","-30.811174","38.817196"
"era-4620","21.639404","-43.53696","42.27372","-20.098976","-38.69647","39.868557","12.474917","-30.813017","38.8189"
"era-4621","21.641798","-43.541626","42.27817","-20.09952","-38.697582","39.86969","12.475868","-30.814857","38.820602"
"era-4622","21.644196","-43.546288","42.282623","-20.100052","-38.698696","39.870827","12.47682","-30.816702","38.822304"
"era-4623","21.646595","-43.550957","42.28707","-20.100592","-38.699806","39.87196","12.477774","-30.818548","38.824005"
"era-4624","21.648993","-43.55562","42.29152","-20.101131","-38.700912","39.87309","12.478729","-30.820393","38.825703"
"era-4625","21.65139","-43.560284","42.295956","-20.101673","-38.702026","39.87422","12.479685","-30.822239","38.827404"
"era-4626","21.653788","-43.564953","42.300404","-20.102211","-38.703136","39.875355","12.4806385","-30.824083","38.8291"
"era-4627","21.65619","-43.569622","42.30485","-20.102755","-38.70425","39.876484","12.481591","-30.82593","38.830803"
"era-4628","21.65859","-43.574287","42.309288","-20.10329","-38.705368","39.877613","12.482546","-30.827774","38.8325"
"era-4629","21.660988","-43.57895","42.31373","-20.103832","-38.706482","39.878746","12.4835005","-30.82962","38.834198"
"era-4630","21.663385","-43.583614","42.318172","-20.104366","-38.707592","39.879883","12.484456","-30.831467","38.835896"
"era-4631","21.665781","-43.58828","42.322613","-20.104908","-38.708706","39.881012","12.485413","-30.833307","38.83759"
"era-4632","21.668177","-43.592934","42.32705","-20.105446","-38.70982","39.882137","12.48637","-30.835154","38.839283"
"era-4633","21.670576","-43.597595","42.331493","-20.105986","-38.71093","39.883274","12.4873295","-30.837","38.840977"
"era-4634","21.672974","-43.60226","42.335934","-20.106527","-38.71204","39.884403","12.48829","-30.838848","38.84267"
"era-4635","21.675373","-43.60692","42.34037","-20.107063","-38.713154","39.885536","12.489252","-30.8407","38.844364"
"era-4636","21.677773","-43.61158","42.344807","-20.107603","-38.71427","39.886665","12.490211","-30.842552","38.846058"
"era-4637","21.680168","-43.616245","42.349243","-20.108135","-38.715385","39.887802","12.491169","-30.844402","38.84775"
"era-4638","21.68257","-43.620903","42.353672","-20.108675","-38.7165","39.888935","12.492126","-30.84625","38.849445"
"era-4639","21.684963","-43.62556","42.35811","-20.109215","-38.71761","39.890068","12.49309","-30.848095","38.851135"
"era-4640","21.687357","-43.63022","42.362534","-20.109756","-38.718723","39.8912","12.494051","-30.849943","38.85283"
"era-4641","21.689756","-43.634876","42.366966","-20.110298","-38.71984","39.892338","12.495013","-30.851791","38.854523"
"era-4642","21.692156","-43.639538","42.371395","-20.110838","-38.720955","39.893475","12.495972","-30.853638","38.85622"
"era-4643","21.69456","-43.644207","42.37582","-20.111378","-38.722073","39.894608","12.496934","-30.855486","38.857914"
"era-4644","21.696966","-43.648865","42.38025","-20.111916","-38.723183","39.89575","12.497895","-30.857332","38.859608"
"era-4645","21.699366","-43.653526","42.384674","-20.112455","-38.7243","39.896885","12.498858","-30.859182","38.861305"
"era-4646","21.701757","-43.65818","42.389084","-20.113","-38.72541","39.898018","12.499825","-30.861027","38.863"
"era-4647","21.704159","-43.66283","42.393505","-20.113543","-38.726517","39.899147","12.50079","-30.862879","38.864693"
"era-4648","21.706554","-43.667492","42.397923","-20.114079","-38.727627","39.900284","12.501755","-30.864729","38.866386"
"era-4649","21.70895","-43.672153","42.40235","-20.114622","-38.728737","39.901417","12.502718","-30.866583","38.86808"
"era-4650","21.711353","-43.676807","42.406788","-20.115158","-38.72985","39.90255","12.503688","-30.868435","38.86977"
"era-4651","21.71375","-43.68146","42.411213","-20.115702","-38.730953","39.90368","12.504657","-30.870283","38.87146"
"era-4652","21.716152","-43.686127","42.415638","-20.11624","-38.732063","39.90481","12.505622","-30.872137","38.873146"
"era-4653","21.718548","-43.690784","42.42006","-20.116776","-38.73317","39.905933","12.506588","-30.87399","38.874836"
"era-4654","21.720945","-43.69544","42.424477","-20.117311","-38.73427","39.90706","12.50756","-30.875843","38.876522"
"era-4655","21.72335","-43.700092","42.428894","-20.117844","-38.73537","39.908188","12.508526","-30.877699","38.878216"
"era-4656","21.725748","-43.704758","42.433304","-20.118387","-38.73648","39.90931","12.509495","-30.879557","38.8799"
"era-4657","21.728151","-43.709408","42.437717","-20.118917","-38.737587","39.910446","12.510466","-30.881413","38.881588"
"era-4658","21.730556","-43.714066","42.44213","-20.119455","-38.738693","39.911575","12.511433","-30.883268","38.88328"
"era-4659","21.73296","-43.718727","42.44654","-20.119987","-38.7398","39.9127","12.5124035","-30.885124","38.88497"
"era-4660","21.735361","-43.72338","42.450943","-20.120527","-38.74091","39.913826","12.513375","-30.886982","38.886665"
"era-4661","21.737764","-43.728035","42.45535","-20.121056","-38.74202","39.91495","12.514349","-30.88884","38.88835"
"era-4662","21.74017","-43.732693","42.459743","-20.12159","-38.74313","39.916077","12.515321","-30.890697","38.89004"
"era-4663","21.74257","-43.73735","42.464146","-20.122126","-38.744236","39.9172","12.5162945","-30.892555","38.89173"
"era-4664","21.744972","-43.742004","42.468544","-20.12266","-38.745342","39.91833","12.517269","-30.894413","38.89342"
"era-4665","21.747381","-43.74665","42.47294","-20.123201","-38.74645","39.919468","12.518246","-30.896273","38.895115"
"era-4666","21.749784","-43.7513","42.47733","-20.123741","-38.74756","39.920593","12.51922","-30.898134","38.89681"
"era-4667","21.75218","-43.755947","42.481716","-20.124277","-38.74867","39.921726","12.520201","-30.899994","38.898506"
"era-4668","21.754578","-43.760597","42.48611","-20.12482","-38.74978","39.92286","12.521177","-30.901855","38.900208"
"era-4669","21.75698","-43.76525","42.490505","-20.125359","-38.750893","39.924","12.522155","-30.903723","38.901905"
"era-4670","21.759384","-43.769894","42.49489","-20.125896","-38.752","39.92513","12.523133","-30.905586","38.903603"
"era-4671","21.761791","-43.77454","42.49928","-20.126438","-38.753113","39.92626","12.524112","-30.90745","38.9053"
"era-4672","21.764189","-43.779198","42.503662","-20.126972","-38.754227","39.927395","12.525094","-30.909313","38.906994"
"era-4673","21.766592","-43.783833","42.50805","-20.127514","-38.755333","39.928528","12.526075","-30.911179","38.90869"
"era-4674","21.76899","-43.788475","42.512417","-20.12805","-38.75645","39.92966","12.527057","-30.913044","38.910385"
"era-4675","21.771387","-43.793118","42.516792","-20.128586","-38.757565","39.93079","12.52804","-30.914913","38.912083"
"era-4676","21.77379","-43.797764","42.52116","-20.129126","-38.758682","39.93192","12.529023","-30.91678","38.913776"
"era-4677","21.776197","-43.80241","42.52553","-20.129656","-38.759792","39.933056","12.530007","-30.918653","38.915474"
"era-4678","21.778597","-43.80705","42.5299","-20.130196","-38.760902","39.934185","12.530991","-30.920528","38.917175"
"era-4679","21.781002","-43.81169","42.534267","-20.130732","-38.762012","39.935307","12.531977","-30.922401","38.918877"
"era-4680","21.783401","-43.816334","42.538628","-20.131268","-38.763115","39.936436","12.532965","-30.924274","38.92058"
"era-4681","21.785805","-43.820972","42.54299","-20.131807","-38.764217","39.937565","12.533953","-30.926151","38.922283"
"era-4682","21.788208","-43.82561","42.547348","-20.132345","-38.765327","39.93869","12.534944","-30.928026","38.923985"
"era-4683","21.790607","-43.830246","42.551697","-20.13288","-38.76644","39.939816","12.535934","-30.929897","38.925686"
"era-4684","21.79301","-43.83488","42.556053","-20.133413","-38.76755","39.940945","12.536927","-30.931772","38.927387"
"era-4685","21.795412","-43.83952","42.560406","-20.133947","-38.76866","39.942078","12.537921","-30.933645","38.929092"
"era-4686","21.797815","-43.84416","42.56475","-20.134485","-38.769768","39.943207","12.538916","-30.93552","38.930794"
"era-4687","21.80022","-43.84879","42.5691","-20.135021","-38.770878","39.944336","12.539911","-30.937395","38.93249"
"era-4688","21.80262","-43.853424","42.573444","-20.135557","-38.771984","39.945465","12.540911","-30.939274","38.93419"
"era-4689","21.80502","-43.85805","42.577785","-20.136093","-38.77309","39.946594","12.541912","-30.941158","38.935886"
"era-4690","21.807423","-43.862682","42.58212","-20.136633","-38.774197","39.947723","12.542911","-30.943039","38.937584"
"era-4691","21.809828","-43.867313","42.58645","-20.137167","-38.775307","39.948853","12.543911","-30.944918","38.93928"
"era-4692","21.81223","-43.871944","42.590775","-20.137703","-38.77642","39.94998","12.544915","-30.946796","38.940975"
"era-4693","21.81464","-43.87658","42.5951","-20.138235","-38.77753","39.951107","12.545917","-30.948685","38.942673"
"era-4694","21.817047","-43.88121","42.599422","-20.138767","-38.778637","39.952236","12.546918","-30.950567","38.94437"
"era-4695","21.819458","-43.88584","42.603737","-20.139305","-38.77974","39.953365","12.547922","-30.952454","38.946064"
"era-4696","21.821863","-43.89047","42.608047","-20.139847","-38.780838","39.954487","12.548927","-30.954346","38.94776"
"era-4697","21.82427","-43.895092","42.61236","-20.140377","-38.78194","39.955624","12.549935","-30.956234","38.949455"
"era-4698","21.826675","-43.89972","42.616665","-20.140917","-38.78305","39.95675","12.550941","-30.958126","38.951153"
"era-4699","21.829084","-43.90435","42.620964","-20.141457","-38.78416","39.95788","12.551951","-30.96002","38.952847"
"era-4700","21.831491","-43.908974","42.625263","-20.141987","-38.785263","39.959007","12.552964","-30.961912","38.954544"
"era-4701","21.833899","-43.913593","42.62955","-20.142529","-38.78638","39.96014","12.553978","-30.963812","38.956234"
"era-4702","21.836308","-43.91822","42.633835","-20.143064","-38.787483","39.961273","12.554991","-30.965712","38.957928"
"era-4703","21.838722","-43.92284","42.63812","-20.143602","-38.788593","39.962406","12.556005","-30.96761","38.959625"
"era-4704","21.841133","-43.92746","42.642395","-20.144136","-38.7897","39.96354","12.557022","-30.969511","38.961315"
"era-4705","21.843542","-43.932087","42.646664","-20.144669","-38.790806","39.964664","12.558044","-30.971409","38.96301"
"era-4706","21.845963","-43.936707","42.65094","-20.145208","-38.791904","39.96579","12.559064","-30.97331","38.9647"
"era-4707","21.848377","-43.941334","42.655197","-20.145746","-38.793007","39.966923","12.560089","-30.975216","38.96639"
"era-4708","21.850792","-43.945953","42.659454","-20.146284","-38.794113","39.968052","12.561115","-30.97712","38.96808"
"era-4709","21.85321","-43.950573","42.6637","-20.146814","-38.79522","39.969185","12.562143","-30.979029","38.96977"
"era-4710","21.855637","-43.9552","42.667934","-20.147348","-38.79632","39.970314","12.56317","-30.980936","38.97146"
"era-4711","21.85806","-43.95982","42.672157","-20.147884","-38.797432","39.97144","12.5642","-30.98285","38.97315"
"era-4712","21.86049","-43.964443","42.676373","-20.14842","-38.798534","39.97257","12.565233","-30.984762","38.97484"
"era-4713","21.86292","-43.96907","42.68058","-20.148954","-38.79964","39.973694","12.566265","-30.98668","38.97653"
"era-4714","21.865355","-43.97369","42.68478","-20.149485","-38.800743","39.974823","12.5673","-30.9886","38.978218"
"era-4715","21.867785","-43.978313","42.688965","-20.15002","-38.80185","39.975945","12.5683365","-30.99052","38.979908"
"era-4716","21.870222","-43.982933","42.693142","-20.150553","-38.80295","39.977074","12.569379","-30.992443","38.981598"
"era-4717","21.872652","-43.98755","42.697308","-20.151087","-38.804054","39.978207","12.570424","-30.994368","38.983288"
"era-4718","21.87509","-43.99216","42.70147","-20.151619","-38.805157","39.979336","12.57147","-30.996294","38.98498"
"era-4719","21.877527","-43.99678","42.70561","-20.15216","-38.806263","39.980453","12.572517","-30.998222","38.986675"
"era-4720","21.879972","-44.001396","42.709743","-20.152685","-38.80737","39.981583","12.573569","-31.000153","38.988365"
"era-4721","21.882416","-44.006016","42.713863","-20.153217","-38.80847","39.98271","12.574619","-31.002087","38.99006"
"era-4722","21.884867","-44.010628","42.717968","-20.153759","-38.809578","39.983833","12.575675","-31.004026","38.99175"
"era-4723","21.887318","-44.01525","42.722057","-20.154291","-38.810673","39.984962","12.576733","-31.00597","38.993443"
"era-4724","21.889769","-44.01987","42.72615","-20.154823","-38.811775","39.986088","12.577794","-31.007915","38.995136"
"era-4725","21.892231","-44.024494","42.730213","-20.155348","-38.812878","39.987217","12.578856","-31.00986","38.996826"
"era-4726","21.894697","-44.029118","42.734253","-20.155886","-38.813984","39.988342","12.579922","-31.01181","38.99852"
"era-4727","21.897171","-44.033745","42.738285","-20.156418","-38.815086","39.989468","12.58099","-31.013758","39.00021"
"era-4728","21.899647","-44.038372","42.742294","-20.156952","-38.816185","39.9906","12.582062","-31.015715","39.0019"
"era-4729","21.902122","-44.042995","42.746277","-20.15748","-38.81729","39.991726","12.583136","-31.017673","39.003593"
"era-4730","21.904604","-44.047623","42.75024","-20.158014","-38.818394","39.99285","12.584214","-31.01963","39.005283"
"era-4731","21.907093","-44.05225","42.75419","-20.158548","-38.8195","39.993973","12.585295","-31.021593","39.006977"
"era-4732","21.909588","-44.056877","42.758106","-20.15908","-38.820602","39.995102","12.586378","-31.023561","39.008667"
"era-4733","21.912086","-44.061512","42.762","-20.159609","-38.821705","39.99623","12.587469","-31.025532","39.010357"
"era-4734","21.914598","-44.06614","42.765865","-20.160137","-38.8228","39.99735","12.588562","-31.027514","39.01205"
"era-4735","21.917112","-44.070778","42.7697","-20.16067","-38.823895","39.99847","12.589658","-31.029493","39.013737"
"era-4736","21.919634","-44.075424","42.773502","-20.1612","-38.82499","39.999596","12.59076","-31.031477","39.015427"
"era-4737","21.922167","-44.080067","42.777275","-20.161722","-38.826084","40.000717","12.591866","-31.033466","39.017117"
"era-4738","21.924704","-44.084717","42.78101","-20.162252","-38.827183","40.00184","12.592977","-31.035456","39.018806"
"era-4739","21.927254","-44.089367","42.784714","-20.162785","-38.82828","40.00296","12.594087","-31.037455","39.0205"
"era-4740","21.92981","-44.094025","42.78837","-20.163311","-38.82938","40.00408","12.595202","-31.039452","39.02219"
"era-4741","21.93238","-44.098694","42.79199","-20.16384","-38.83048","40.005207","12.59632","-31.041456","39.02388"
"era-4742","21.934961","-44.103367","42.79555","-20.164364","-38.83158","40.006332","12.597444","-31.043465","39.02557"
"era-4743","21.93755","-44.108047","42.799076","-20.16489","-38.83268","40.007458","12.598574","-31.045479","39.027256"
"era-4744","21.940145","-44.112743","42.802547","-20.165417","-38.83378","40.008587","12.59971","-31.047497","39.028942"
"era-4745","21.942747","-44.11744","42.805973","-20.165945","-38.834877","40.00971","12.600852","-31.049526","39.030632"
"era-4746","21.94535","-44.122143","42.809353","-20.166473","-38.83598","40.01083","12.602","-31.051558","39.03232"
"era-4747","21.947964","-44.12685","42.81268","-20.166998","-38.83708","40.011955","12.603154","-31.05359","39.034004"
"era-4748","21.950575","-44.131573","42.81595","-20.16752","-38.83818","40.013084","12.604313","-31.05563","39.035694"
"era-4749","21.95318","-44.136284","42.819164","-20.168047","-38.839287","40.014214","12.605478","-31.057674","39.037384"
"era-4750","21.955776","-44.14101","42.822323","-20.168566","-38.840393","40.01534","12.606655","-31.05972","39.039066"
"era-4751","21.958353","-44.14572","42.82545","-20.169088","-38.841496","40.016464","12.607841","-31.061766","39.040752"
"era-4752","21.960913","-44.150425","42.828545","-20.169603","-38.84259","40.017593","12.609035","-31.063812","39.04244"
"era-4753","21.963436","-44.155113","42.831604","-20.170128","-38.84369","40.018715","12.610237","-31.065859","39.044125"
"era-4754","21.96592","-44.15978","42.83466","-20.17065","-38.844784","40.019844","12.611451","-31.067905","39.045815"
"era-4755","21.968353","-44.164406","42.837704","-20.171173","-38.845886","40.020966","12.612678","-31.06996","39.047504"
"era-4756","21.97072","-44.16899","42.84077","-20.171696","-38.84699","40.022087","12.613917","-31.072016","39.04919"
"era-4757","21.97302","-44.173523","42.843884","-20.172218","-38.84809","40.02321","12.61517","-31.074064","39.050877"
"era-4758","21.975239","-44.177982","42.84705","-20.17274","-38.849194","40.024338","12.616436","-31.07611","39.052563"
"era-4759","21.97739","-44.18236","42.850292","-20.173264","-38.850292","40.02546","12.617716","-31.078152","39.05425"
"era-4760","21.97946","-44.186657","42.85362","-20.173796","-38.851395","40.026577","12.619008","-31.08019","39.05594"
"era-4761","21.981457","-44.190853","42.85704","-20.17432","-38.8525","40.027702","12.620307","-31.082224","39.05763"
"era-4762","21.983393","-44.194958","42.860565","-20.174852","-38.853603","40.028824","12.621618","-31.08425","39.05931"
"era-4763","21.985285","-44.198975","42.86419","-20.17538","-38.854706","40.029945","12.622932","-31.086273","39.06099"
"era-4764","21.987137","-44.202904","42.86791","-20.17592","-38.855812","40.031063","12.62425","-31.088297","39.06267"
"era-4765","21.98898","-44.206764","42.871685","-20.176458","-38.856915","40.032177","12.625568","-31.090319","39.064354"
"era-4766","21.99081","-44.210583","42.875515","-20.176998","-38.858013","40.03329","12.626888","-31.09234","39.066032"
"era-4767","21.992643","-44.214348","42.879395","-20.17754","-38.8591","40.03441","12.628206","-31.094364","39.067715"
"era-4768","21.994488","-44.21808","42.883293","-20.17809","-38.86019","40.03552","12.629519","-31.096388","39.069393"
"era-4769","21.996357","-44.2218","42.887207","-20.17863","-38.861275","40.03664","12.63083","-31.098404","39.071075"
"era-4770","21.998241","-44.225525","42.891117","-20.179184","-38.862366","40.037754","12.632136","-31.100422","39.072758"
"era-4771","22.000141","-44.229256","42.895023","-20.17973","-38.863464","40.038876","12.633441","-31.102444","39.074436"
"era-4772","22.002058","-44.232994","42.89892","-20.180273","-38.864563","40.03999","12.634745","-31.104467","39.076122"
"era-4773","22.00398","-44.23676","42.902798","-20.180815","-38.865654","40.041103","12.636048","-31.10649","39.07781"
"era-4774","22.005913","-44.240532","42.906666","-20.181362","-38.86675","40.04222","12.637349","-31.108517","39.079494"
"era-4775","22.007858","-44.244324","42.910522","-20.181904","-38.86784","40.043343","12.638647","-31.110544","39.08118"
"era-4776","22.009796","-44.248127","42.91437","-20.182455","-38.868935","40.044464","12.639943","-31.112568","39.082867"
"era-4777","22.011738","-44.25193","42.918213","-20.182999","-38.870026","40.04558","12.641239","-31.114592","39.084557"
"era-4778","22.013681","-44.25574","42.92205","-20.183548","-38.87112","40.0467","12.642534","-31.116613","39.086246"
"era-4779","22.015625","-44.259567","42.925884","-20.184092","-38.872208","40.04782","12.643828","-31.118635","39.087936"
"era-4780","22.017563","-44.2634","42.92973","-20.184635","-38.8733","40.04894","12.645124","-31.120651","39.089622"
"era-4781","22.019506","-44.267227","42.93357","-20.185175","-38.874393","40.050056","12.646418","-31.122673","39.09131"
"era-4782","22.021439","-44.271057","42.937412","-20.18571","-38.875496","40.05117","12.647709","-31.124695","39.09299"
"era-4783","22.023375","-44.274895","42.94126","-20.186255","-38.876595","40.052284","12.649002","-31.126719","39.09467"
"era-4784","22.025303","-44.27872","42.94512","-20.186798","-38.87769","40.053406","12.650296","-31.128746","39.09635"
"era-4785","22.027233","-44.28254","42.948986","-20.187336","-38.878788","40.05452","12.651588","-31.130772","39.098038"
"era-4786","22.029171","-44.28637","42.95285","-20.187881","-38.879875","40.055637","12.652879","-31.1328","39.099724"
"era-4787","22.031116","-44.290207","42.95672","-20.188425","-38.880966","40.056755","12.654168","-31.134825","39.10141"
"era-4788","22.033056","-44.29404","42.960587","-20.188965","-38.882065","40.057877","12.655458","-31.136843","39.103096"
"era-4789","22.034992","-44.29788","42.96445","-20.18951","-38.88316","40.059006","12.656745","-31.13886","39.104782"
"era-4790","22.036934","-44.301716","42.968327","-20.190052","-38.88426","40.060127","12.658033","-31.140884","39.106464"
"era-4791","22.038876","-44.305557","42.97221","-20.190601","-38.885353","40.061237","12.659321","-31.142908","39.10815"
"era-4792","22.040825","-44.30939","42.976093","-20.191141","-38.886444","40.06236","12.660608","-31.14493","39.109833"
"era-4793","22.042768","-44.31323","42.97998","-20.191683","-38.88754","40.063477","12.661894","-31.146957","39.111523"
"era-4794","22.044714","-44.317066","42.983868","-20.192225","-38.88863","40.06459","12.6631775","-31.148987","39.11321"
"era-4795","22.046667","-44.320915","42.987747","-20.19277","-38.88972","40.06571","12.664458","-31.15101","39.114895"
"era-4796","22.04862","-44.324764","42.991627","-20.193312","-38.89081","40.066822","12.665742","-31.153034","39.116585"
"era-4797","22.050577","-44.328617","42.99551","-20.193853","-38.891895","40.067936","12.667024","-31.155058","39.118263"
"era-4798","22.052528","-44.332474","42.99939","-20.194391","-38.89298","40.069054","12.668305","-31.157082","39.11995"
"era-4799","22.054482","-44.336327","43.003273","-20.194937","-38.89407","40.07017","12.669585","-31.159105","39.12163"
"era-4800","22.056433","-44.340183","43.007153","-20.195469","-38.895157","40.07129","12.67087","-31.161129","39.123314"
"era-4801","22.058386","-44.344036","43.011032","-20.196009","-38.896248","40.07241","12.672151","-31.16315","39.125"
"era-4802","22.060335","-44.347893","43.014915","-20.196554","-38.897343","40.07352","12.673432","-31.165176","39.126682"
"era-4803","22.062279","-44.35175","43.018818","-20.197094","-38.898434","40.074635","12.674713","-31.167202","39.12837"
"era-4804","22.06423","-44.355602","43.022728","-20.197626","-38.899525","40.075752","12.675995","-31.169228","39.130054"
"era-4805","22.066193","-44.359467","43.02664","-20.198168","-38.900623","40.076866","12.677271","-31.171255","39.131744"
"era-4806","22.06815","-44.36333","43.03055","-20.198711","-38.90171","40.07798","12.67855","-31.17328","39.13343"
"era-4807","22.070108","-44.367195","43.03446","-20.199247","-38.9028","40.079098","12.679824","-31.175304","39.13512"
"era-4808","22.072065","-44.371063","43.03837","-20.19979","-38.903893","40.080215","12.681099","-31.177332","39.136806"
"era-4809","22.074026","-44.374928","43.04229","-20.200323","-38.904984","40.08133","12.682372","-31.179356","39.138493"
"era-4810","22.075993","-44.3788","43.04621","-20.200865","-38.90608","40.082447","12.683647","-31.181381","39.140182"
"era-4811","22.077957","-44.38267","43.050125","-20.201408","-38.90717","40.083565","12.684921","-31.183409","39.14187"
"era-4812","22.079918","-44.38654","43.054047","-20.201948","-38.908257","40.084682","12.686194","-31.185432","39.14356"
"era-4813","22.081886","-44.390408","43.05797","-20.20249","-38.909348","40.085793","12.687464","-31.187458","39.145245"
"era-4814","22.083858","-44.394283","43.061893","-20.203026","-38.910435","40.08691","12.688734","-31.189484","39.146935"
"era-4815","22.085836","-44.39816","43.06581","-20.203564","-38.911522","40.088024","12.690002","-31.191511","39.14862"
"era-4816","22.08782","-44.402042","43.069733","-20.204107","-38.912613","40.08913","12.691268","-31.193535","39.150307"
"era-4817","22.089808","-44.405933","43.073647","-20.20464","-38.913696","40.090237","12.692534","-31.19556","39.151993"
"era-4818","22.091787","-44.409832","43.077557","-20.205172","-38.914783","40.09136","12.693801","-31.197586","39.15368"
"era-4819","22.093773","-44.41374","43.081474","-20.205708","-38.915874","40.092472","12.695066","-31.19961","39.15537"
"era-4820","22.095757","-44.417645","43.085392","-20.206244","-38.916958","40.093582","12.696332","-31.201637","39.157055"
"era-4821","22.09773","-44.42156","43.089317","-20.206787","-38.91805","40.0947","12.697597","-31.203667","39.15874"
"era-4822","22.099714","-44.42547","43.093254","-20.207323","-38.919136","40.09582","12.69886","-31.205692","39.160427"
"era-4823","22.101694","-44.429386","43.097187","-20.207863","-38.920227","40.09694","12.700125","-31.207718","39.162113"
"era-4824","22.103674","-44.4333","43.101128","-20.208405","-38.921314","40.098057","12.701386","-31.209747","39.1638"
"era-4825","22.105652","-44.43721","43.105072","-20.208939","-38.92241","40.09918","12.702649","-31.211775","39.165485"
"era-4826","22.107632","-44.441124","43.109013","-20.20948","-38.923492","40.100296","12.703906","-31.213804","39.16717"
"era-4827","22.10961","-44.445023","43.112965","-20.210016","-38.924572","40.101414","12.705167","-31.21583","39.168854"
"era-4828","22.111593","-44.44893","43.116917","-20.21055","-38.925663","40.10252","12.706426","-31.217854","39.170536"
"era-4829","22.11358","-44.452843","43.120872","-20.211086","-38.926746","40.103638","12.707683","-31.219881","39.17222"
"era-4830","22.115568","-44.456764","43.12483","-20.211624","-38.92783","40.104748","12.708941","-31.221907","39.173897"
"era-4831","22.117563","-44.460674","43.128796","-20.21216","-38.92891","40.10586","12.7101965","-31.223932","39.175575"
"era-4832","22.119558","-44.464596","43.13276","-20.212698","-38.929996","40.10698","12.711449","-31.225958","39.177254"
"era-4833","22.121557","-44.468517","43.13672","-20.213238","-38.93109","40.108093","12.712701","-31.227983","39.178932"
"era-4834","22.123554","-44.47244","43.140682","-20.21377","-38.93218","40.10921","12.713952","-31.230011","39.18061"
"era-4835","22.125555","-44.476364","43.14464","-20.21431","-38.93327","40.11032","12.715202","-31.23204","39.18229"
"era-4836","22.127556","-44.4803","43.14861","-20.214838","-38.934353","40.111435","12.716455","-31.234064","39.183968"
"era-4837","22.129562","-44.484234","43.152573","-20.215372","-38.93544","40.11255","12.717705","-31.236088","39.185646"
"era-4838","22.131567","-44.488174","43.15654","-20.215916","-38.936527","40.113655","12.718954","-31.238113","39.187325"
"era-4839","22.13358","-44.492115","43.16051","-20.21644","-38.937614","40.11477","12.720202","-31.240137","39.189003"
"era-4840","22.135582","-44.496056","43.16448","-20.216972","-38.938698","40.11588","12.721456","-31.24216","39.19068"
"era-4841","22.13759","-44.499996","43.168453","-20.21751","-38.939785","40.116993","12.722704","-31.244186","39.19236"
"era-4842","22.139587","-44.50394","43.17243","-20.218046","-38.940876","40.11811","12.723955","-31.246214","39.194042"
"era-4843","22.1416","-44.50789","43.17641","-20.218578","-38.941967","40.119225","12.725204","-31.248236","39.19572"
"era-4844","22.14361","-44.511845","43.1804","-20.219112","-38.943054","40.120342","12.72645","-31.250256","39.197407"
"era-4845","22.145622","-44.515804","43.184383","-20.219643","-38.944153","40.12146","12.7276945","-31.25228","39.19909"
"era-4846","22.147633","-44.519753","43.188374","-20.220182","-38.945248","40.122578","12.728937","-31.254301","39.20077"
"era-4847","22.149645","-44.523697","43.19236","-20.22072","-38.946335","40.12369","12.73018","-31.256325","39.202454"
"era-4848","22.151663","-44.527653","43.196346","-20.221258","-38.947422","40.124813","12.731424","-31.25835","39.204136"
"era-4849","22.153679","-44.531616","43.200336","-20.221802","-38.948513","40.125935","12.732666","-31.260376","39.20582"
"era-4850","22.1557","-44.53558","43.204334","-20.22234","-38.949604","40.127052","12.733908","-31.262402","39.2075"
"era-4851","22.157726","-44.53954","43.208336","-20.222878","-38.95069","40.128174","12.7351465","-31.264427","39.209183"
"era-4852","22.159748","-44.543507","43.212334","-20.223415","-38.951786","40.12929","12.736386","-31.266457","39.210865"
"era-4853","22.161768","-44.547474","43.21633","-20.223951","-38.952877","40.13041","12.737626","-31.268484","39.212543"
"era-4854","22.1638","-44.55144","43.220333","-20.224485","-38.953968","40.13153","12.738861","-31.270512","39.214222"
"era-4855","22.165825","-44.555412","43.224335","-20.225025","-38.95506","40.13265","12.740098","-31.272541","39.215897"
"era-4856","22.167852","-44.55939","43.22834","-20.225557","-38.956146","40.133762","12.741332","-31.274565","39.21757"
"era-4857","22.169886","-44.563374","43.232357","-20.22609","-38.95723","40.13488","12.742566","-31.27659","39.219246"
"era-4858","22.171913","-44.56736","43.236366","-20.226627","-38.95832","40.13599","12.743799","-31.278614","39.220924"
"era-4859","22.173944","-44.571346","43.24038","-20.227161","-38.959404","40.13711","12.745031","-31.28064","39.222603"
"era-4860","22.175976","-44.575333","43.244396","-20.2277","-38.96049","40.138226","12.746263","-31.282667","39.224285"
"era-4861","22.178013","-44.579323","43.248417","-20.228228","-38.961582","40.139343","12.747494","-31.284693","39.22596"
"era-4862","22.180052","-44.583313","43.252438","-20.228758","-38.962666","40.140465","12.748721","-31.286718","39.227634"
"era-4863","22.182089","-44.587303","43.256462","-20.22929","-38.963757","40.141582","12.749948","-31.288738","39.22931"
"era-4864","22.184126","-44.591297","43.260487","-20.229824","-38.96485","40.1427","12.751173","-31.290762","39.230984"
"era-4865","22.186167","-44.5953","43.264515","-20.230362","-38.965946","40.143818","12.7523985","-31.292786","39.23266"
"era-4866","22.188213","-44.599304","43.268547","-20.230898","-38.967033","40.144943","12.753622","-31.294811","39.234333"
"era-4867","22.19026","-44.60331","43.272587","-20.231438","-38.96813","40.14607","12.754843","-31.296835","39.23601"
"era-4868","22.192307","-44.60732","43.27663","-20.231972","-38.969223","40.147186","12.756067","-31.298864","39.237686"
"era-4869","22.194357","-44.61133","43.28067","-20.232506","-38.970318","40.148308","12.757288","-31.300892","39.23936"
"era-4870","22.196407","-44.61534","43.284714","-20.233046","-38.971413","40.149433","12.758509","-31.302916","39.241035"
"era-4871","22.198458","-44.619354","43.288757","-20.233582","-38.972504","40.150555","12.7597275","-31.304941","39.242706"
"era-4872","22.200506","-44.62337","43.2928","-20.234114","-38.97359","40.151676","12.760945","-31.306965","39.244385"
"era-4873","22.202559","-44.627388","43.296856","-20.234646","-38.97468","40.152798","12.762161","-31.308987","39.24606"
"era-4874","22.204618","-44.631405","43.30092","-20.23518","-38.975773","40.15392","12.76338","-31.31101","39.247738"
"era-4875","22.206682","-44.63543","43.30498","-20.235716","-38.97687","40.155037","12.764596","-31.313036","39.24941"
"era-4876","22.208736","-44.639454","43.30904","-20.236252","-38.97797","40.15616","12.765813","-31.31506","39.251083"
"era-4877","22.210802","-44.643475","43.313107","-20.23679","-38.979065","40.157284","12.767029","-31.317085","39.252754"
"era-4878","22.21287","-44.6475","43.31718","-20.23732","-38.980152","40.1584","12.76824","-31.319113","39.25443"
"era-4879","22.214947","-44.651535","43.321247","-20.237854","-38.98124","40.159527","12.769446","-31.321136","39.256104"
"era-4880","22.217024","-44.655582","43.325317","-20.23839","-38.982323","40.16064","12.770653","-31.32316","39.25778"
"era-4881","22.219107","-44.65963","43.329388","-20.238924","-38.98341","40.161762","12.771857","-31.325186","39.259457"
"era-4882","22.221182","-44.663685","43.33345","-20.239454","-38.984493","40.16289","12.773066","-31.32721","39.261135"
"era-4883","22.223257","-44.66774","43.337517","-20.23999","-38.985588","40.164005","12.774272","-31.329231","39.262817"
"era-4884","22.225336","-44.671806","43.34159","-20.240515","-38.986683","40.16513","12.775479","-31.331253","39.264496"
"era-4885","22.227407","-44.675877","43.345676","-20.241056","-38.987778","40.166245","12.776684","-31.333277","39.26618"
"era-4886","22.229486","-44.679943","43.349762","-20.241592","-38.988873","40.167366","12.777885","-31.335299","39.267857"
"era-4887","22.231565","-44.684013","43.353848","-20.242117","-38.989964","40.168488","12.779089","-31.337317","39.269535"
"era-4888","22.233637","-44.688087","43.357937","-20.242655","-38.991055","40.1696","12.780292","-31.339333","39.271217"
"era-4889","22.235714","-44.692154","43.362038","-20.243185","-38.99214","40.170723","12.781491","-31.341354","39.272892"
"era-4890","22.2378","-44.696224","43.36614","-20.243715","-38.99323","40.17185","12.78269","-31.343374","39.27457"
"era-4891","22.239883","-44.700302","43.370243","-20.244255","-38.994312","40.172962","12.783887","-31.345398","39.276245"
"era-4892","22.241974","-44.704384","43.374355","-20.244783","-38.9954","40.174088","12.785083","-31.34742","39.277924"
"era-4893","22.244064","-44.708458","43.378475","-20.245317","-38.996494","40.1752","12.786279","-31.34944","39.2796"
"era-4894","22.246157","-44.712536","43.3826","-20.245853","-38.997585","40.17632","12.787472","-31.351458","39.281277"
"era-4895","22.248245","-44.71661","43.386726","-20.246384","-38.998672","40.177437","12.788667","-31.353476","39.28295"
"era-4896","22.250336","-44.720688","43.390858","-20.24691","-38.99976","40.178555","12.78986","-31.355494","39.28463"
"era-4897","22.252438","-44.724766","43.394997","-20.24744","-39.000854","40.179676","12.791047","-31.357508","39.28631"
"era-4898","22.254536","-44.728844","43.399136","-20.247972","-39.00195","40.180798","12.792234","-31.35952","39.287987"
"era-4899","22.256643","-44.732925","43.403286","-20.248512","-39.003044","40.181915","12.793418","-31.361538","39.28966"
"era-4900","22.25875","-44.737007","43.407444","-20.249046","-39.004135","40.18304","12.794602","-31.363556","39.29134"
"era-4901","22.260866","-44.741093","43.4116","-20.249577","-39.00523","40.184166","12.795787","-31.365578","39.29302"
"era-4902","22.262985","-44.745186","43.41576","-20.250109","-39.00632","40.185287","12.796968","-31.3676","39.29469"
"era-4903","22.265104","-44.749287","43.419933","-20.250643","-39.007404","40.186405","12.79815","-31.369617","39.29636"
"era-4904","22.26723","-44.753387","43.424103","-20.251167","-39.008495","40.187523","12.79933","-31.371637","39.29803"
"era-4905","22.26935","-44.757492","43.428288","-20.251698","-39.009586","40.18864","12.80051","-31.373655","39.299706"
"era-4906","22.271482","-44.761604","43.43247","-20.252237","-39.010674","40.189762","12.801687","-31.375673","39.301384"
"era-4907","22.273611","-44.765717","43.436653","-20.252768","-39.011765","40.190884","12.802862","-31.377691","39.303066"
"era-4908","22.27575","-44.769844","43.440845","-20.253298","-39.012856","40.192","12.804035","-31.379707","39.304745"
"era-4909","22.277885","-44.77397","43.44504","-20.25383","-39.01394","40.19312","12.805205","-31.38172","39.306427"
"era-4910","22.280018","-44.778103","43.449234","-20.254364","-39.015026","40.194237","12.8063755","-31.38373","39.308105"
"era-4911","22.282152","-44.782238","43.453438","-20.254898","-39.016117","40.195354","12.807543","-31.385744","39.30978"
"era-4912","22.28429","-44.786377","43.457653","-20.255424","-39.017204","40.19648","12.808712","-31.387754","39.31146"
"era-4913","22.286428","-44.790516","43.461872","-20.25596","-39.0183","40.19761","12.8098755","-31.389765","39.313137"
"era-4914","22.28857","-44.794662","43.466095","-20.256489","-39.019386","40.198727","12.811038","-31.391771","39.314816"
"era-4915","22.290709","-44.798805","43.470333","-20.257015","-39.020473","40.19985","12.812201","-31.393785","39.316498"
"era-4916","22.29285","-44.802956","43.474575","-20.257553","-39.02156","40.200966","12.81336","-31.3958","39.31817"
"era-4917","22.294996","-44.807106","43.47883","-20.25808","-39.022648","40.202084","12.814519","-31.397812","39.319843"
"era-4918","22.29714","-44.811268","43.483093","-20.258608","-39.02374","40.2032","12.815675","-31.399822","39.321514"
"era-4919","22.299284","-44.815422","43.48737","-20.259142","-39.024826","40.204315","12.81683","-31.401834","39.32319"
"era-4920","22.301437","-44.819576","43.491657","-20.259665","-39.025917","40.20543","12.817984","-31.403843","39.32486"
"era-4921","22.303587","-44.82373","43.49596","-20.26019","-39.027004","40.206547","12.819133","-31.405848","39.326534"
"era-4922","22.305735","-44.82789","43.50027","-20.260715","-39.028095","40.207664","12.820281","-31.407858","39.328205"
"era-4923","22.307886","-44.832047","43.5046","-20.261253","-39.029182","40.20878","12.821425","-31.409866","39.32988"
"era-4924","22.310036","-44.836205","43.50895","-20.261776","-39.030277","40.209904","12.822569","-31.411867","39.33155"
"era-4925","22.312185","-44.840366","43.513317","-20.262306","-39.03137","40.21102","12.82371","-31.413874","39.333225"
"era-4926","22.314331","-44.844524","43.517704","-20.26284","-39.03246","40.21214","12.824847","-31.415876","39.334896"
"era-4927","22.31647","-44.848682","43.522118","-20.26337","-39.033554","40.213257","12.825983","-31.417877","39.33657"
"era-4928","22.318602","-44.852833","43.526558","-20.263899","-39.03464","40.21438","12.827116","-31.419868","39.33824"
"era-4929","22.320732","-44.856976","43.53103","-20.264433","-39.035736","40.215504","12.828245","-31.421862","39.339912"
"era-4930","22.32286","-44.86111","43.535534","-20.26497","-39.036827","40.21662","12.829371","-31.423855","39.34158"
"era-4931","22.32498","-44.865234","43.540077","-20.265495","-39.037914","40.21775","12.830495","-31.425846","39.34325"
"era-4932","22.327085","-44.869354","43.54466","-20.266027","-39.039005","40.218872","12.831614","-31.427835","39.344917"
"era-4933","22.329184","-44.873474","43.54929","-20.266558","-39.040096","40.21999","12.832726","-31.429823","39.34659"
"era-4934","22.331263","-44.87758","43.553978","-20.267096","-39.04118","40.22112","12.833837","-31.431799","39.348255"
"era-4935","22.33332","-44.88167","43.558723","-20.26763","-39.04227","40.222244","12.834945","-31.433773","39.34993"
"era-4936","22.335354","-44.88575","43.563526","-20.268177","-39.043365","40.223354","12.836047","-31.435738","39.351604"
"era-4937","22.337364","-44.889816","43.568398","-20.268703","-39.04446","40.224476","12.837148","-31.4377","39.35328"
"era-4938","22.339342","-44.893864","43.573345","-20.26924","-39.045547","40.225597","12.838236","-31.439653","39.354954"
"era-4939","22.341284","-44.897903","43.57839","-20.269773","-39.04664","40.226715","12.839322","-31.441595","39.356625"
"era-4940","22.343182","-44.90193","43.583527","-20.270304","-39.04772","40.22783","12.840402","-31.443525","39.3583"
"era-4941","22.345036","-44.905937","43.588768","-20.270844","-39.048805","40.228943","12.841474","-31.445446","39.35997"
"era-4942","22.346836","-44.909912","43.594128","-20.271381","-39.049892","40.23006","12.842538","-31.44735","39.36164"
"era-4943","22.348576","-44.913876","43.599598","-20.271915","-39.050976","40.231182","12.843592","-31.449234","39.363308"
"era-4944","22.350258","-44.91782","43.605194","-20.272455","-39.05207","40.232304","12.844637","-31.451101","39.36498"
"era-4945","22.351873","-44.921753","43.610905","-20.27299","-39.05316","40.23342","12.845666","-31.452946","39.366646"
"era-4946","22.35343","-44.925682","43.61675","-20.273523","-39.054253","40.23454","12.846684","-31.454771","39.368313"
"era-4947","22.354927","-44.92961","43.622715","-20.274065","-39.055347","40.235657","12.847684","-31.456572","39.36998"
"era-4948","22.35638","-44.933548","43.62879","-20.274595","-39.05644","40.23678","12.848655","-31.458345","39.371647"
"era-4949","22.357777","-44.93751","43.63496","-20.27513","-39.057533","40.2379","12.849603","-31.46009","39.373314"
"era-4950","22.35914","-44.94149","43.641228","-20.275665","-39.058636","40.239025","12.850522","-31.461803","39.374985"
"era-4951","22.360477","-44.945515","43.647552","-20.276201","-39.059727","40.240147","12.851411","-31.46348","39.376656"
"era-4952","22.361795","-44.949585","43.65392","-20.276731","-39.060818","40.24127","12.852266","-31.465126","39.378326"
"era-4953","22.363108","-44.95371","43.660328","-20.277262","-39.06191","40.24239","12.8530855","-31.46674","39.379997"
"era-4954","22.364416","-44.957893","43.666767","-20.277792","-39.063","40.243507","12.85387","-31.468313","39.381668"
"era-4955","22.365732","-44.962128","43.67322","-20.278316","-39.064087","40.244633","12.854613","-31.469858","39.383343"
"era-4956","22.367062","-44.966427","43.679684","-20.27884","-39.06518","40.24575","12.855322","-31.471365","39.38502"
"era-4957","22.368406","-44.970787","43.68614","-20.27936","-39.06628","40.246876","12.85599","-31.47284","39.386696"
"era-4958","22.369781","-44.975193","43.692593","-20.27988","-39.067375","40.248","12.85662","-31.47428","39.388363"
"era-4959","22.371185","-44.97966","43.69904","-20.280405","-39.06847","40.24912","12.857209","-31.47569","39.390038"
"era-4960","22.37263","-44.984184","43.705467","-20.280928","-39.06956","40.25024","12.857761","-31.477074","39.391712"
"era-4961","22.374119","-44.988758","43.711876","-20.281439","-39.070652","40.251366","12.858275","-31.478418","39.393383"
"era-4962","22.375652","-44.993393","43.718254","-20.281956","-39.071743","40.25248","12.858751","-31.479742","39.395058"
"era-4963","22.377249","-44.99808","43.724598","-20.28248","-39.07283","40.253605","12.859187","-31.481041","39.396732"
"era-4964","22.3789","-45.002827","43.730904","-20.282997","-39.073917","40.254723","12.859589","-31.482311","39.398407"
"era-4965","22.380608","-45.007614","43.73717","-20.28351","-39.07501","40.255836","12.859956","-31.483562","39.400078"
"era-4966","22.38238","-45.01246","43.743385","-20.284029","-39.0761","40.256958","12.860287","-31.484793","39.40175"
"era-4967","22.384218","-45.017357","43.749554","-20.284538","-39.077194","40.258083","12.860581","-31.485998","39.40342"
"era-4968","22.386126","-45.02231","43.755672","-20.285053","-39.07829","40.25921","12.860844","-31.487185","39.40509"
"era-4969","22.388094","-45.0273","43.76174","-20.285563","-39.07939","40.260326","12.861077","-31.488352","39.40676"
"era-4970","22.390131","-45.032352","43.76774","-20.286068","-39.080486","40.261456","12.86128","-31.489506","39.408432"
"era-4971","22.39224","-45.037434","43.773685","-20.286583","-39.08159","40.26258","12.861458","-31.490643","39.410103"
"era-4972","22.394411","-45.04258","43.779556","-20.287094","-39.082684","40.26371","12.861607","-31.49177","39.411774"
"era-4973","22.39665","-45.047756","43.785385","-20.287611","-39.083786","40.26483","12.861731","-31.492886","39.41345"
"era-4974","22.398945","-45.052986","43.79116","-20.28812","-39.08488","40.26596","12.861835","-31.49399","39.415115"
"era-4975","22.401293","-45.058247","43.79688","-20.288622","-39.085976","40.26709","12.861918","-31.495083","39.416786"
"era-4976","22.403687","-45.06353","43.802555","-20.289131","-39.087067","40.268208","12.861986","-31.496166","39.418465"
"era-4977","22.406132","-45.06885","43.808178","-20.289633","-39.088165","40.26933","12.862038","-31.49724","39.420135"
"era-4978","22.408628","-45.074203","43.81375","-20.290142","-39.08926","40.27045","12.862073","-31.498312","39.42181"
"era-4979","22.411163","-45.079586","43.819283","-20.29065","-39.09035","40.27158","12.862096","-31.499376","39.423485"
"era-4980","22.41374","-45.08499","43.824783","-20.291162","-39.09145","40.27271","12.862107","-31.50044","39.425163"
"era-4981","22.416355","-45.090427","43.83024","-20.29167","-39.09255","40.27385","12.862106","-31.5015","39.42684"
"era-4982","22.418995","-45.095882","43.83566","-20.292183","-39.093643","40.274975","12.862099","-31.502554","39.42852"
"era-4983","22.421673","-45.10135","43.841057","-20.292686","-39.094738","40.27611","12.862084","-31.50361","39.4302"
"era-4984","22.424374","-45.10684","43.846413","-20.29319","-39.09584","40.27724","12.862063","-31.50467","39.431873"
"era-4985","22.427101","-45.11234","43.851746","-20.2937","-39.09694","40.278366","12.862037","-31.505724","39.433548"
"era-4986","22.429844","-45.11786","43.857048","-20.294209","-39.09803","40.27949","12.862009","-31.506779","39.435223"
"era-4987","22.43261","-45.123383","43.862343","-20.294714","-39.09912","40.28062","12.861979","-31.507828","39.4369"
"era-4988","22.435389","-45.128918","43.867603","-20.295216","-39.100216","40.28175","12.861944","-31.50888","39.438576"
"era-4989","22.438179","-45.134457","43.87285","-20.295725","-39.10131","40.28288","12.86191","-31.50994","39.440254"
"era-4990","22.440992","-45.140003","43.87808","-20.296228","-39.102406","40.284008","12.8618765","-31.510998","39.44193"
"era-4991","22.443811","-45.145565","43.883293","-20.296736","-39.103497","40.285137","12.861841","-31.512058","39.443604"
"era-4992","22.446646","-45.15112","43.888493","-20.297249","-39.104595","40.286263","12.861803","-31.51312","39.44528"
"era-4993","22.449486","-45.156693","43.89367","-20.297743","-39.10569","40.28739","12.861771","-31.51418","39.446953"
"era-4994","22.452341","-45.16226","43.89884","-20.298248","-39.106785","40.288517","12.861738","-31.515242","39.448627"
"era-4995","22.4552","-45.16784","43.903996","-20.298752","-39.107876","40.28964","12.86171","-31.51631","39.450302"
"era-4996","22.458076","-45.173416","43.90914","-20.299252","-39.108967","40.290768","12.861685","-31.51738","39.451973"
"era-4997","22.460949","-45.179005","43.914276","-20.299759","-39.11006","40.291893","12.861659","-31.51845","39.45365"
"era-4998","22.463837","-45.184586","43.919407","-20.30026","-39.111156","40.293022","12.861636","-31.519526","39.455326"
"era-4999","22.466724","-45.190166","43.924522","-20.30077","-39.11225","40.29414","12.861614","-31.520603","39.457"
